10500	0
10501	1
10502	2
10503	3
10504	4
10505	5
10506	6
10507	7
10508	8
10509	9
10510	10
10511	11
10512	12
10513	13
10514	14
10515	15
10516	16
10517	17
10518	18
10519	19
10520	20
10521	21
10522	22
10523	23
10524	24
10525	25
10526	26
10527	27
10528	28
10529	29
10530	30
10531	31
10532	32
10533	33
10534	34
10535	35
10536	36
10537	37
10538	38
10539	39
10540	40
10541	41
10542	42
10543	43
10544	44
10545	45
10546	46
10547	47
10548	48
10549	49
10550	50
10551	51
10552	52
10553	53
10554	54
10555	55
10556	56
10557	57
10558	58
10559	59
10560	60
10561	61
10562	62
10563	63
10564	64
10565	65
10566	66
10567	67
10568	68
10569	69
10570	70
10571	71
10572	72
10573	73
10574	74
10575	75
10576	76
10577	77
10578	78
10579	79
10580	80
10581	81
10582	82
10583	83
10584	84
10585	85
10586	86
10587	87
10588	88
10589	89
10590	90
10591	91
10592	92
10593	93
10594	94
10595	95
10596	96
10597	97
10598	98
10599	99
10600	100
10601	101
10602	102
10603	103
10604	104
10605	105
10606	106
10607	107
10608	108
10609	109
10610	110
10611	111
10612	112
10613	113
10614	114
10615	115
10616	116
10617	117
10618	118
10619	119
10620	120
10621	121
10622	122
10623	123
10624	124
10625	125
10626	126
10627	127
10628	128
10629	129
10630	130
10631	131
10632	132
10633	133
10634	134
10635	135
10636	136
10637	137
10638	138
10639	139
10640	140
10641	141
10642	142
10643	143
10644	144
10645	145
10646	146
10647	147
10648	148
10649	149
10650	150
10651	151
10652	152
10653	153
10654	154
10655	155
10656	156
10657	157
10658	158
10659	159
10660	160
10661	161
10662	162
10663	163
10664	164
10665	165
10666	166
10667	167
10668	168
10669	169
10670	170
10671	171
10672	172
10673	173
10674	174
10675	175
10676	176
10677	177
10678	178
10679	179
10680	180
10681	181
10682	182
10683	183
10684	184
10685	185
10686	186
10687	187
10688	188
10689	189
10690	190
10691	191
10692	192
10693	193
10694	194
10695	195
10696	196
10697	197
10698	198
10699	199
10700	200
10701	201
10702	202
10703	203
10704	204
10705	205
10706	206
10707	207
10708	208
10709	209
10710	210
10711	211
10712	212
10713	213
10714	214
10715	215
10716	216
10717	217
10718	218
10719	219
10720	220
10721	221
10722	222
10723	223
10724	224
10725	225
10726	226
10727	227
10728	228
10729	229
10730	230
10731	231
10732	232
10733	233
10734	234
10735	235
10736	236
10737	237
10738	238
10739	239
10740	240
10741	241
10742	242
10743	243
10744	244
10745	245
10746	246
10747	247
10748	248
10749	249
10750	250
10751	251
10752	252
10753	253
10754	254
10755	255
10756	256
10757	257
10758	258
10759	259
10760	260
10761	261
10762	262
10763	263
10764	264
10765	265
10766	266
10767	267
10768	268
10769	269
10770	270
10771	271
10772	272
10773	273
10774	274
10775	275
10776	276
10777	277
10778	278
10779	279
10780	280
10781	281
10782	282
10783	283
10784	284
10785	285
10786	286
10787	287
10788	288
10789	289
10790	290
10791	291
10792	292
10793	293
10794	294
10795	295
10796	296
10797	297
10798	298
10799	299
10800	300
10801	301
10802	302
10803	303
10804	304
10805	305
10806	306
10807	307
10808	308
10809	309
10810	310
10811	311
10812	312
10813	313
10814	314
10815	315
10816	316
10817	317
10818	318
10819	319
10820	320
10821	321
10822	322
10823	323
10824	324
10825	325
10826	326
10827	327
10828	328
10829	329
10830	330
10831	331
10832	332
10833	333
10834	334
10835	335
10836	336
10837	337
10838	338
10839	339
10840	340
10841	341
10842	342
10843	343
10844	344
10845	345
10846	346
10847	347
10848	348
10849	349
10850	350
10851	351
10852	352
10853	353
10854	354
10855	355
10856	356
10857	357
10858	358
10859	359
10860	360
10861	361
10862	362
10863	363
10864	364
10865	365
10866	366
10867	367
10868	368
10869	369
10870	370
10871	371
10872	372
10873	373
10874	374
10875	375
10876	376
10877	377
10878	378
10879	379
10880	380
10881	381
10882	382
10883	383
10884	384
10885	385
10886	386
10887	387
10888	388
10889	389
10890	390
10891	391
10892	392
10893	393
10894	394
10895	395
10896	396
10897	397
10898	398
10899	399
10900	400
10901	401
10902	402
10903	403
10904	404
10905	405
10906	406
10907	407
10908	408
10909	409
10910	410
10911	411
10912	412
10913	413
10914	414
10915	415
10916	416
10917	417
10918	418
10919	419
10920	420
10921	421
10922	422
10923	423
10924	424
10925	425
10926	426
10927	427
10928	428
10929	429
10930	430
10931	431
10932	432
10933	433
10934	434
10935	435
10936	436
10937	437
10938	438
10939	439
10940	440
10941	441
10942	442
10943	443
10944	444
10945	445
10946	446
10947	447
10948	448
10949	449
10950	450
10951	451
10952	452
10953	453
10954	454
10955	455
10956	456
10957	457
10958	458
10959	459
10960	460
10961	461
10962	462
10963	463
10964	464
10965	465
10966	466
10967	467
10968	468
10969	469
10970	470
10971	471
10972	472
10973	473
10974	474
10975	475
10976	476
10977	477
10978	478
10979	479
10980	480
10981	481
10982	482
10983	483
10984	484
10985	485
10986	486
10987	487
10988	488
10989	489
10990	490
10991	491
10992	492
10993	493
10994	494
10995	495
10996	496
10997	497
10998	498
10999	499
11000	500
11001	501
11002	502
11003	503
11004	504
11005	505
11006	506
11007	507
11008	508
11009	509
11010	510
11011	511
11012	512
11013	513
11014	514
11015	515
11016	516
11017	517
11018	518
11019	519
11020	520
11021	521
11022	522
11023	523
11024	524
11025	525
11026	526
11027	527
11028	528
11029	529
11030	530
11031	531
11032	532
11033	533
11034	534
11035	535
11036	536
11037	537
11038	538
11039	539
11040	540
11041	541
11042	542
11043	543
11044	544
11045	545
11046	546
11047	547
11048	548
11049	549
11050	550
11051	551
11052	552
11053	553
11054	554
11055	555
11056	556
11057	557
11058	558
11059	559
11060	560
11061	561
11062	562
11063	563
11064	564
11065	565
11066	566
11067	567
11068	568
11069	569
11070	570
11071	571
11072	572
11073	573
11074	574
11075	575
11076	576
11077	577
11078	578
11079	579
11080	580
11081	581
11082	582
11083	583
11084	584
11085	585
11086	586
11087	587
11088	588
11089	589
11090	590
11091	591
11092	592
11093	593
11094	594
11095	595
11096	596
11097	597
11098	598
11099	599
11100	600
11101	601
11102	602
11103	603
11104	604
11105	605
11106	606
11107	607
11108	608
11109	609
11110	610
11111	611
11112	612
11113	613
11114	614
11115	615
11116	616
11117	617
11118	618
11119	619
11120	620
11121	621
11122	622
11123	623
11124	624
11125	625
11126	626
11127	627
11128	628
11129	629
11130	630
11131	631
11132	632
11133	633
11134	634
11135	635
11136	636
11137	637
11138	638
11139	639
11140	640
11141	641
11142	642
11143	643
11144	644
11145	645
11146	646
11147	647
11148	648
11149	649
11150	650
11151	651
11152	652
11153	653
11154	654
11155	655
11156	656
11157	657
11158	658
11159	659
11160	660
11161	661
11162	662
11163	663
11164	664
11165	665
11166	666
11167	667
11168	668
11169	669
11170	670
11171	671
11172	672
11173	673
11174	674
11175	675
11176	676
11177	677
11178	678
11179	679
11180	680
11181	681
11182	682
11183	683
11184	684
11185	685
11186	686
11187	687
11188	688
11189	689
11190	690
11191	691
11192	692
11193	693
11194	694
11195	695
11196	696
11197	697
11198	698
11199	699
11200	700
11201	701
11202	702
11203	703
11204	704
11205	705
11206	706
11207	707
11208	708
11209	709
11210	710
11211	711
11212	712
11213	713
11214	714
11215	715
11216	716
11217	717
11218	718
11219	719
11220	720
11221	721
11222	722
11223	723
11224	724
11225	725
11226	726
11227	727
11228	728
11229	729
11230	730
11231	731
11232	732
11233	733
11234	734
11235	735
11236	736
11237	737
11238	738
11239	739
11240	740
11241	741
11242	742
11243	743
11244	744
11245	745
11246	746
11247	747
11248	748
11249	749
11250	750
11251	751
11252	752
11253	753
11254	754
11255	755
11256	756
11257	757
11258	758
11259	759
11260	760
11261	761
11262	762
11263	763
11264	764
11265	765
11266	766
11267	767
11268	768
11269	769
11270	770
11271	771
11272	772
11273	773
11274	774
11275	775
11276	776
11277	777
11278	778
11279	779
11280	780
11281	781
11282	782
11283	783
11284	784
11285	785
11286	786
11287	787
11288	788
11289	789
11290	790
11291	791
11292	792
11293	793
11294	794
11295	795
11296	796
11297	797
11298	798
11299	799
11300	800
11301	801
11302	802
11303	803
11304	804
11305	805
11306	806
11307	807
11308	808
11309	809
11310	810
11311	811
11312	812
11313	813
11314	814
11315	815
11316	816
11317	817
11318	818
11319	819
11320	820
11321	821
11322	822
11323	823
11324	824
11325	825
11326	826
11327	827
11328	828
11329	829
11330	830
11331	831
11332	832
11333	833
11334	834
11335	835
11336	836
11337	837
11338	838
11339	839
11340	840
11341	841
11342	842
11343	843
11344	844
11345	845
11346	846
11347	847
11348	848
11349	849
11350	850
11351	851
11352	852
11353	853
11354	854
11355	855
11356	856
11357	857
11358	858
11359	859
11360	860
11361	861
11362	862
11363	863
11364	864
11365	865
11366	866
11367	867
11368	868
11369	869
11370	870
11371	871
11372	872
11373	873
11374	874
11375	875
11376	876
11377	877
11378	878
11379	879
11380	880
11381	881
11382	882
11383	883
11384	884
11385	885
11386	886
11387	887
11388	888
11389	889
11390	890
11391	891
11392	892
11393	893
11394	894
11395	895
11396	896
11397	897
11398	898
11399	899
11400	900
11401	901
11402	902
11403	903
11404	904
11405	905
11406	906
11407	907
11408	908
11409	909
11410	910
11411	911
11412	912
11413	913
11414	914
11415	915
11416	916
11417	917
11418	918
11419	919
11420	920
11421	921
11422	922
11423	923
11424	924
11425	925
11426	926
11427	927
11428	928
11429	929
11430	930
11431	931
11432	932
11433	933
11434	934
11435	935
11436	936
11437	937
11438	938
11439	939
11440	940
11441	941
11442	942
11443	943
11444	944
11445	945
11446	946
11447	947
11448	948
11449	949
11450	950
11451	951
11452	952
11453	953
11454	954
11455	955
11456	956
11457	957
11458	958
11459	959
11460	960
11461	961
11462	962
11463	963
11464	964
11465	965
11466	966
11467	967
11468	968
11469	969
11470	970
11471	971
11472	972
11473	973
11474	974
11475	975
11476	976
11477	977
11478	978
11479	979
11480	980
11481	981
11482	982
11483	983
11484	984
11485	985
11486	986
11487	987
11488	988
11489	989
11490	990
11491	991
11492	992
11493	993
11494	994
11495	995
11496	996
11497	997
11498	998
11499	999
11500	1000
11501	1001
11502	1002
11503	1003
11504	1004
11505	1005
11506	1006
11507	1007
11508	1008
11509	1009
11510	1010
11511	1011
11512	1012
11513	1013
11514	1014
11515	1015
11516	1016
11517	1017
11518	1018
11519	1019
11520	1020
11521	1021
11522	1022
11523	1023
11524	1024
11525	1025
11526	1026
11527	1027
11528	1028
11529	1029
11530	1030
11531	1031
11532	1032
11533	1033
11534	1034
11535	1035
11536	1036
11537	1037
11538	1038
11539	1039
11540	1040
11541	1041
11542	1042
11543	1043
11544	1044
11545	1045
11546	1046
11547	1047
11548	1048
11549	1049
11550	1050
11551	1051
11552	1052
11553	1053
11554	1054
11555	1055
11556	1056
11557	1057
11558	1058
11559	1059
11560	1060
11561	1061
11562	1062
11563	1063
11564	1064
11565	1065
11566	1066
11567	1067
11568	1068
11569	1069
11570	1070
11571	1071
11572	1072
11573	1073
11574	1074
11575	1075
11576	1076
11577	1077
11578	1078
11579	1079
11580	1080
11581	1081
11582	1082
11583	1083
11584	1084
11585	1085
11586	1086
11587	1087
11588	1088
11589	1089
11590	1090
11591	1091
11592	1092
11593	1093
11594	1094
11595	1095
11596	1096
11597	1097
11598	1098
11599	1099
11600	1100
11601	1101
11602	1102
11603	1103
11604	1104
11605	1105
11606	1106
11607	1107
11608	1108
11609	1109
11610	1110
11611	1111
11612	1112
11613	1113
11614	1114
11615	1115
11616	1116
11617	1117
11618	1118
11619	1119
11620	1120
11621	1121
11622	1122
11623	1123
11624	1124
11625	1125
11626	1126
11627	1127
11628	1128
11629	1129
11630	1130
11631	1131
11632	1132
11633	1133
11634	1134
11635	1135
11636	1136
11637	1137
11638	1138
11639	1139
11640	1140
11641	1141
11642	1142
11643	1143
11644	1144
11645	1145
11646	1146
11647	1147
11648	1148
11649	1149
11650	1150
11651	1151
11652	1152
11653	1153
11654	1154
11655	1155
11656	1156
11657	1157
11658	1158
11659	1159
11660	1160
11661	1161
11662	1162
11663	1163
11664	1164
11665	1165
11666	1166
11667	1167
11668	1168
11669	1169
11670	1170
11671	1171
11672	1172
11673	1173
11674	1174
11675	1175
11676	1176
11677	1177
11678	1178
11679	1179
11680	1180
11681	1181
11682	1182
11683	1183
11684	1184
11685	1185
11686	1186
11687	1187
11688	1188
11689	1189
11690	1190
11691	1191
11692	1192
11693	1193
11694	1194
11695	1195
11696	1196
11697	1197
11698	1198
11699	1199
11700	1200
11701	1201
11702	1202
11703	1203
11704	1204
11705	1205
11706	1206
11707	1207
11708	1208
11709	1209
11710	1210
11711	1211
11712	1212
11713	1213
11714	1214
11715	1215
11716	1216
11717	1217
11718	1218
11719	1219
11720	1220
11721	1221
11722	1222
11723	1223
11724	1224
11725	1225
11726	1226
11727	1227
11728	1228
11729	1229
11730	1230
11731	1231
11732	1232
11733	1233
11734	1234
11735	1235
11736	1236
11737	1237
11738	1238
11739	1239
11740	1240
11741	1241
11742	1242
11743	1243
11744	1244
11745	1245
11746	1246
11747	1247
11748	1248
11749	1249
11750	1250
11751	1251
11752	1252
11753	1253
11754	1254
11755	1255
11756	1256
11757	1257
11758	1258
11759	1259
11760	1260
11761	1261
11762	1262
11763	1263
11764	1264
11765	1265
11766	1266
11767	1267
11768	1268
11769	1269
11770	1270
11771	1271
11772	1272
11773	1273
11774	1274
11775	1275
11776	1276
11777	1277
11778	1278
11779	1279
11780	1280
11781	1281
11782	1282
11783	1283
11784	1284
11785	1285
11786	1286
11787	1287
11788	1288
11789	1289
11790	1290
11791	1291
11792	1292
11793	1293
11794	1294
11795	1295
11796	1296
11797	1297
11798	1298
11799	1299
11800	1300
11801	1301
11802	1302
11803	1303
11804	1304
11805	1305
11806	1306
11807	1307
11808	1308
11809	1309
11810	1310
11811	1311
11812	1312
11813	1313
11814	1314
11815	1315
11816	1316
11817	1317
11818	1318
11819	1319
11820	1320
11821	1321
11822	1322
11823	1323
11824	1324
11825	1325
11826	1326
11827	1327
11828	1328
11829	1329
11830	1330
11831	1331
11832	1332
11833	1333
11834	1334
11835	1335
11836	1336
11837	1337
11838	1338
11839	1339
11840	1340
11841	1341
11842	1342
11843	1343
11844	1344
11845	1345
11846	1346
11847	1347
11848	1348
11849	1349
11850	1350
11851	1351
11852	1352
11853	1353
11854	1354
11855	1355
11856	1356
11857	1357
11858	1358
11859	1359
11860	1360
11861	1361
11862	1362
11863	1363
11864	1364
11865	1365
11866	1366
11867	1367
11868	1368
11869	1369
11870	1370
11871	1371
11872	1372
11873	1373
11874	1374
11875	1375
11876	1376
11877	1377
11878	1378
11879	1379
11880	1380
11881	1381
11882	1382
11883	1383
11884	1384
11885	1385
11886	1386
11887	1387
11888	1388
11889	1389
11890	1390
11891	1391
11892	1392
11893	1393
11894	1394
11895	1395
11896	1396
11897	1397
11898	1398
11899	1399
11900	1400
11901	1401
11902	1402
11903	1403
11904	1404
11905	1405
11906	1406
11907	1407
11908	1408
11909	1409
11910	1410
11911	1411
11912	1412
11913	1413
11914	1414
11915	1415
11916	1416
11917	1417
11918	1418
11919	1419
11920	1420
11921	1421
11922	1422
11923	1423
11924	1424
11925	1425
11926	1426
11927	1427
11928	1428
11929	1429
11930	1430
11931	1431
11932	1432
11933	1433
11934	1434
11935	1435
11936	1436
11937	1437
11938	1438
11939	1439
11940	1440
11941	1441
11942	1442
11943	1443
11944	1444
11945	1445
11946	1446
11947	1447
11948	1448
11949	1449
11950	1450
11951	1451
11952	1452
11953	1453
11954	1454
11955	1455
11956	1456
11957	1457
11958	1458
11959	1459
11960	1460
11961	1461
11962	1462
11963	1463
11964	1464
11965	1465
11966	1466
11967	1467
11968	1468
11969	1469
11970	1470
11971	1471
11972	1472
11973	1473
11974	1474
11975	1475
11976	1476
11977	1477
11978	1478
11979	1479
11980	1480
11981	1481
11982	1482
11983	1483
11984	1484
11985	1485
11986	1486
11987	1487
11988	1488
11989	1489
11990	1490
11991	1491
11992	1492
11993	1493
11994	1494
11995	1495
11996	1496
11997	1497
11998	1498
11999	1499
12000	1500
12001	1501
12002	1502
12003	1503
12004	1504
12005	1505
12006	1506
12007	1507
12008	1508
12009	1509
12010	1510
12011	1511
12012	1512
12013	1513
12014	1514
12015	1515
12016	1516
12017	1517
12018	1518
12019	1519
12020	1520
12021	1521
12022	1522
12023	1523
12024	1524
12025	1525
12026	1526
12027	1527
12028	1528
12029	1529
12030	1530
12031	1531
12032	1532
12033	1533
12034	1534
12035	1535
12036	1536
12037	1537
12038	1538
12039	1539
12040	1540
12041	1541
12042	1542
12043	1543
12044	1544
12045	1545
12046	1546
12047	1547
12048	1548
12049	1549
12050	1550
12051	1551
12052	1552
12053	1553
12054	1554
12055	1555
12056	1556
12057	1557
12058	1558
12059	1559
12060	1560
12061	1561
12062	1562
12063	1563
12064	1564
12065	1565
12066	1566
12067	1567
12068	1568
12069	1569
12070	1570
12071	1571
12072	1572
12073	1573
12074	1574
12075	1575
12076	1576
12077	1577
12078	1578
12079	1579
12080	1580
12081	1581
12082	1582
12083	1583
12084	1584
12085	1585
12086	1586
12087	1587
12088	1588
12089	1589
12090	1590
12091	1591
12092	1592
12093	1593
12094	1594
12095	1595
12096	1596
12097	1597
12098	1598
12099	1599
12100	1600
12101	1601
12102	1602
12103	1603
12104	1604
12105	1605
12106	1606
12107	1607
12108	1608
12109	1609
12110	1610
12111	1611
12112	1612
12113	1613
12114	1614
12115	1615
12116	1616
12117	1617
12118	1618
12119	1619
12120	1620
12121	1621
12122	1622
12123	1623
12124	1624
12125	1625
12126	1626
12127	1627
12128	1628
12129	1629
12130	1630
12131	1631
12132	1632
12133	1633
12134	1634
12135	1635
12136	1636
12137	1637
12138	1638
12139	1639
12140	1640
12141	1641
12142	1642
12143	1643
12144	1644
12145	1645
12146	1646
12147	1647
12148	1648
12149	1649
12150	1650
12151	1651
12152	1652
12153	1653
12154	1654
12155	1655
12156	1656
12157	1657
12158	1658
12159	1659
12160	1660
12161	1661
12162	1662
12163	1663
12164	1664
12165	1665
12166	1666
12167	1667
12168	1668
12169	1669
12170	1670
12171	1671
12172	1672
12173	1673
12174	1674
12175	1675
12176	1676
12177	1677
12178	1678
12179	1679
12180	1680
12181	1681
12182	1682
12183	1683
12184	1684
12185	1685
12186	1686
12187	1687
12188	1688
12189	1689
12190	1690
12191	1691
12192	1692
12193	1693
12194	1694
12195	1695
12196	1696
12197	1697
12198	1698
12199	1699
12200	1700
12201	1701
12202	1702
12203	1703
12204	1704
12205	1705
12206	1706
12207	1707
12208	1708
12209	1709
12210	1710
12211	1711
12212	1712
12213	1713
12214	1714
12215	1715
12216	1716
12217	1717
12218	1718
12219	1719
12220	1720
12221	1721
12222	1722
12223	1723
12224	1724
12225	1725
12226	1726
12227	1727
12228	1728
12229	1729
12230	1730
12231	1731
12232	1732
12233	1733
12234	1734
12235	1735
12236	1736
12237	1737
12238	1738
12239	1739
12240	1740
12241	1741
12242	1742
12243	1743
12244	1744
12245	1745
12246	1746
12247	1747
12248	1748
12249	1749
12250	1750
12251	1751
12252	1752
12253	1753
12254	1754
12255	1755
12256	1756
12257	1757
12258	1758
12259	1759
12260	1760
12261	1761
12262	1762
12263	1763
12264	1764
12265	1765
12266	1766
12267	1767
12268	1768
12269	1769
12270	1770
12271	1771
12272	1772
12273	1773
12274	1774
12275	1775
12276	1776
12277	1777
12278	1778
12279	1779
12280	1780
12281	1781
12282	1782
12283	1783
12284	1784
12285	1785
12286	1786
12287	1787
12288	1788
12289	1789
12290	1790
12291	1791
12292	1792
12293	1793
12294	1794
12295	1795
12296	1796
12297	1797
12298	1798
12299	1799
12300	1800
12301	1801
12302	1802
12303	1803
12304	1804
12305	1805
12306	1806
12307	1807
12308	1808
12309	1809
12310	1810
12311	1811
12312	1812
12313	1813
12314	1814
12315	1815
12316	1816
12317	1817
12318	1818
12319	1819
12320	1820
12321	1821
12322	1822
12323	1823
12324	1824
12325	1825
12326	1826
12327	1827
12328	1828
12329	1829
12330	1830
12331	1831
12332	1832
12333	1833
12334	1834
12335	1835
12336	1836
12337	1837
12338	1838
12339	1839
12340	1840
12341	1841
12342	1842
12343	1843
12344	1844
12345	1845
12346	1846
12347	1847
12348	1848
12349	1849
12350	1850
12351	1851
12352	1852
12353	1853
12354	1854
12355	1855
12356	1856
12357	1857
12358	1858
12359	1859
12360	1860
12361	1861
12362	1862
12363	1863
12364	1864
12365	1865
12366	1866
12367	1867
12368	1868
12369	1869
12370	1870
12371	1871
12372	1872
12373	1873
12374	1874
12375	1875
12376	1876
12377	1877
12378	1878
12379	1879
12380	1880
12381	1881
12382	1882
12383	1883
12384	1884
12385	1885
12386	1886
12387	1887
12388	1888
12389	1889
12390	1890
12391	1891
12392	1892
12393	1893
12394	1894
12395	1895
12396	1896
12397	1897
12398	1898
12399	1899
12400	1900
12401	1901
12402	1902
12403	1903
12404	1904
12405	1905
12406	1906
12407	1907
12408	1908
12409	1909
12410	1910
12411	1911
12412	1912
12413	1913
12414	1914
12415	1915
12416	1916
12417	1917
12418	1918
12419	1919
12420	1920
12421	1921
12422	1922
12423	1923
12424	1924
12425	1925
12426	1926
12427	1927
12428	1928
12429	1929
12430	1930
12431	1931
12432	1932
12433	1933
12434	1934
12435	1935
12436	1936
12437	1937
12438	1938
12439	1939
12440	1940
12441	1941
12442	1942
12443	1943
12444	1944
12445	1945
12446	1946
12447	1947
12448	1948
12449	1949
12450	1950
12451	1951
12452	1952
12453	1953
12454	1954
12455	1955
12456	1956
12457	1957
12458	1958
12459	1959
12460	1960
12461	1961
12462	1962
12463	1963
12464	1964
12465	1965
12466	1966
12467	1967
12468	1968
12469	1969
12470	1970
12471	1971
12472	1972
12473	1973
12474	1974
12475	1975
12476	1976
12477	1977
12478	1978
12479	1979
12480	1980
12481	1981
12482	1982
12483	1983
12484	1984
12485	1985
12486	1986
12487	1987
12488	1988
12489	1989
12490	1990
12491	1991
12492	1992
12493	1993
12494	1994
12495	1995
12496	1996
12497	1997
12498	1998
12499	1999
12500	2000
12501	2001
12502	2002
12503	2003
12504	2004
12505	2005
12506	2006
12507	2007
12508	2008
12509	2009
12510	2010
12511	2011
12512	2012
12513	2013
12514	2014
12515	2015
12516	2016
12517	2017
12518	2018
12519	2019
12520	2020
12521	2021
12522	2022
12523	2023
12524	2024
12525	2025
12526	2026
12527	2027
12528	2028
12529	2029
12530	2030
12531	2031
12532	2032
12533	2033
12534	2034
12535	2035
12536	2036
12537	2037
12538	2038
12539	2039
12540	2040
12541	2041
12542	2042
12543	2043
12544	2044
12545	2045
12546	2046
12547	2047
12548	2048
12549	2049
12550	2050
12551	2051
12552	2052
12553	2053
12554	2054
12555	2055
12556	2056
12557	2057
12558	2058
12559	2059
12560	2060
12561	2061
12562	2062
12563	2063
12564	2064
12565	2065
12566	2066
12567	2067
12568	2068
12569	2069
12570	2070
12571	2071
12572	2072
12573	2073
12574	2074
12575	2075
12576	2076
12577	2077
12578	2078
12579	2079
12580	2080
12581	2081
12582	2082
12583	2083
12584	2084
12585	2085
12586	2086
12587	2087
12588	2088
12589	2089
12590	2090
12591	2091
12592	2092
12593	2093
12594	2094
12595	2095
12596	2096
12597	2097
12598	2098
12599	2099
12600	2100
12601	2101
12602	2102
12603	2103
12604	2104
12605	2105
12606	2106
12607	2107
12608	2108
12609	2109
12610	2110
12611	2111
12612	2112
12613	2113
12614	2114
12615	2115
12616	2116
12617	2117
12618	2118
12619	2119
12620	2120
12621	2121
12622	2122
12623	2123
12624	2124
12625	2125
12626	2126
12627	2127
12628	2128
12629	2129
12630	2130
12631	2131
12632	2132
12633	2133
12634	2134
12635	2135
12636	2136
12637	2137
12638	2138
12639	2139
12640	2140
12641	2141
12642	2142
12643	2143
12644	2144
12645	2145
12646	2146
12647	2147
12648	2148
12649	2149
12650	2150
12651	2151
12652	2152
12653	2153
12654	2154
12655	2155
12656	2156
12657	2157
12658	2158
12659	2159
12660	2160
12661	2161
12662	2162
12663	2163
12664	2164
12665	2165
12666	2166
12667	2167
12668	2168
12669	2169
12670	2170
12671	2171
12672	2172
12673	2173
12674	2174
12675	2175
12676	2176
12677	2177
12678	2178
12679	2179
12680	2180
12681	2181
12682	2182
12683	2183
12684	2184
12685	2185
12686	2186
12687	2187
12688	2188
12689	2189
12690	2190
12691	2191
12692	2192
12693	2193
12694	2194
12695	2195
12696	2196
12697	2197
12698	2198
12699	2199
12700	2200
12701	2201
12702	2202
12703	2203
12704	2204
12705	2205
12706	2206
12707	2207
12708	2208
12709	2209
12710	2210
12711	2211
12712	2212
12713	2213
12714	2214
12715	2215
12716	2216
12717	2217
12718	2218
12719	2219
12720	2220
12721	2221
12722	2222
12723	2223
12724	2224
12725	2225
12726	2226
12727	2227
12728	2228
12729	2229
12730	2230
12731	2231
12732	2232
12733	2233
12734	2234
12735	2235
12736	2236
12737	2237
12738	2238
12739	2239
12740	2240
12741	2241
12742	2242
12743	2243
12744	2244
12745	2245
12746	2246
12747	2247
12748	2248
12749	2249
12750	2250
12751	2251
12752	2252
12753	2253
12754	2254
12755	2255
12756	2256
12757	2257
12758	2258
12759	2259
12760	2260
12761	2261
12762	2262
12763	2263
12764	2264
12765	2265
12766	2266
12767	2267
12768	2268
12769	2269
12770	2270
12771	2271
12772	2272
12773	2273
12774	2274
12775	2275
12776	2276
12777	2277
12778	2278
12779	2279
12780	2280
12781	2281
12782	2282
12783	2283
12784	2284
12785	2285
12786	2286
12787	2287
12788	2288
12789	2289
12790	2290
12791	2291
12792	2292
12793	2293
12794	2294
12795	2295
12796	2296
12797	2297
12798	2298
12799	2299
12800	2300
12801	2301
12802	2302
12803	2303
12804	2304
12805	2305
12806	2306
12807	2307
12808	2308
12809	2309
12810	2310
12811	2311
12812	2312
12813	2313
12814	2314
12815	2315
12816	2316
12817	2317
12818	2318
12819	2319
12820	2320
12821	2321
12822	2322
12823	2323
12824	2324
12825	2325
12826	2326
12827	2327
12828	2328
12829	2329
12830	2330
12831	2331
12832	2332
12833	2333
12834	2334
12835	2335
12836	2336
12837	2337
12838	2338
12839	2339
12840	2340
12841	2341
12842	2342
12843	2343
12844	2344
12845	2345
12846	2346
12847	2347
12848	2348
12849	2349
12850	2350
12851	2351
12852	2352
12853	2353
12854	2354
12855	2355
12856	2356
12857	2357
12858	2358
12859	2359
12860	2360
12861	2361
12862	2362
12863	2363
12864	2364
12865	2365
12866	2366
12867	2367
12868	2368
12869	2369
12870	2370
12871	2371
12872	2372
12873	2373
12874	2374
12875	2375
12876	2376
12877	2377
12878	2378
12879	2379
12880	2380
12881	2381
12882	2382
12883	2383
12884	2384
12885	2385
12886	2386
12887	2387
12888	2388
12889	2389
12890	2390
12891	2391
12892	2392
12893	2393
12894	2394
12895	2395
12896	2396
12897	2397
12898	2398
12899	2399
12900	2400
12901	2401
12902	2402
12903	2403
12904	2404
12905	2405
12906	2406
12907	2407
12908	2408
12909	2409
12910	2410
12911	2411
12912	2412
12913	2413
12914	2414
12915	2415
12916	2416
12917	2417
12918	2418
12919	2419
12920	2420
12921	2421
12922	2422
12923	2423
12924	2424
12925	2425
12926	2426
12927	2427
12928	2428
12929	2429
12930	2430
12931	2431
12932	2432
12933	2433
12934	2434
12935	2435
12936	2436
12937	2437
12938	2438
12939	2439
12940	2440
12941	2441
12942	2442
12943	2443
12944	2444
12945	2445
12946	2446
12947	2447
12948	2448
12949	2449
12950	2450
12951	2451
12952	2452
12953	2453
12954	2454
12955	2455
12956	2456
12957	2457
12958	2458
12959	2459
12960	2460
12961	2461
12962	2462
12963	2463
12964	2464
12965	2465
12966	2466
12967	2467
12968	2468
12969	2469
12970	2470
12971	2471
12972	2472
12973	2473
12974	2474
12975	2475
12976	2476
12977	2477
12978	2478
12979	2479
12980	2480
12981	2481
12982	2482
12983	2483
12984	2484
12985	2485
12986	2486
12987	2487
12988	2488
12989	2489
12990	2490
12991	2491
12992	2492
12993	2493
12994	2494
12995	2495
12996	2496
12997	2497
12998	2498
12999	2499
13000	2500
13001	2501
13002	2502
13003	2503
13004	2504
13005	2505
13006	2506
13007	2507
13008	2508
13009	2509
13010	2510
13011	2511
13012	2512
13013	2513
13014	2514
13015	2515
13016	2516
13017	2517
13018	2518
13019	2519
13020	2520
13021	2521
13022	2522
13023	2523
13024	2524
13025	2525
13026	2526
13027	2527
13028	2528
13029	2529
13030	2530
13031	2531
13032	2532
13033	2533
13034	2534
13035	2535
13036	2536
13037	2537
13038	2538
13039	2539
13040	2540
13041	2541
13042	2542
13043	2543
13044	2544
13045	2545
13046	2546
13047	2547
13048	2548
13049	2549
13050	2550
13051	2551
13052	2552
13053	2553
13054	2554
13055	2555
13056	2556
13057	2557
13058	2558
13059	2559
13060	2560
13061	2561
13062	2562
13063	2563
13064	2564
13065	2565
13066	2566
13067	2567
13068	2568
13069	2569
13070	2570
13071	2571
13072	2572
13073	2573
13074	2574
13075	2575
13076	2576
13077	2577
13078	2578
13079	2579
13080	2580
13081	2581
13082	2582
13083	2583
13084	2584
13085	2585
13086	2586
13087	2587
13088	2588
13089	2589
13090	2590
13091	2591
13092	2592
13093	2593
13094	2594
13095	2595
13096	2596
13097	2597
13098	2598
13099	2599
13100	2600
13101	2601
13102	2602
13103	2603
13104	2604
13105	2605
13106	2606
13107	2607
13108	2608
13109	2609
13110	2610
13111	2611
13112	2612
13113	2613
13114	2614
13115	2615
13116	2616
13117	2617
13118	2618
13119	2619
13120	2620
13121	2621
13122	2622
13123	2623
13124	2624
13125	2625
13126	2626
13127	2627
13128	2628
13129	2629
13130	2630
13131	2631
13132	2632
13133	2633
13134	2634
13135	2635
13136	2636
13137	2637
13138	2638
13139	2639
13140	2640
13141	2641
13142	2642
13143	2643
13144	2644
13145	2645
13146	2646
13147	2647
13148	2648
13149	2649
13150	2650
13151	2651
13152	2652
13153	2653
13154	2654
13155	2655
13156	2656
13157	2657
13158	2658
13159	2659
13160	2660
13161	2661
13162	2662
13163	2663
13164	2664
13165	2665
13166	2666
13167	2667
13168	2668
13169	2669
13170	2670
13171	2671
13172	2672
13173	2673
13174	2674
13175	2675
13176	2676
13177	2677
13178	2678
13179	2679
13180	2680
13181	2681
13182	2682
13183	2683
13184	2684
13185	2685
13186	2686
13187	2687
13188	2688
13189	2689
13190	2690
13191	2691
13192	2692
13193	2693
13194	2694
13195	2695
13196	2696
13197	2697
13198	2698
13199	2699
13200	2700
13201	2701
13202	2702
13203	2703
13204	2704
13205	2705
13206	2706
13207	2707
13208	2708
13209	2709
13210	2710
13211	2711
13212	2712
13213	2713
13214	2714
13215	2715
13216	2716
13217	2717
13218	2718
13219	2719
13220	2720
13221	2721
13222	2722
13223	2723
13224	2724
13225	2725
13226	2726
13227	2727
13228	2728
13229	2729
13230	2730
13231	2731
13232	2732
13233	2733
13234	2734
13235	2735
13236	2736
13237	2737
13238	2738
13239	2739
13240	2740
13241	2741
13242	2742
13243	2743
13244	2744
13245	2745
13246	2746
13247	2747
13248	2748
13249	2749
13250	2750
13251	2751
13252	2752
13253	2753
13254	2754
13255	2755
13256	2756
13257	2757
13258	2758
13259	2759
13260	2760
13261	2761
13262	2762
13263	2763
13264	2764
13265	2765
13266	2766
13267	2767
13268	2768
13269	2769
13270	2770
13271	2771
13272	2772
13273	2773
13274	2774
13275	2775
13276	2776
13277	2777
13278	2778
13279	2779
13280	2780
13281	2781
13282	2782
13283	2783
13284	2784
13285	2785
13286	2786
13287	2787
13288	2788
13289	2789
13290	2790
13291	2791
13292	2792
13293	2793
13294	2794
13295	2795
13296	2796
13297	2797
13298	2798
13299	2799
13300	2800
13301	2801
13302	2802
13303	2803
13304	2804
13305	2805
13306	2806
13307	2807
13308	2808
13309	2809
13310	2810
13311	2811
13312	2812
13313	2813
13314	2814
13315	2815
13316	2816
13317	2817
13318	2818
13319	2819
13320	2820
13321	2821
13322	2822
13323	2823
13324	2824
13325	2825
13326	2826
13327	2827
13328	2828
13329	2829
13330	2830
13331	2831
13332	2832
13333	2833
13334	2834
13335	2835
13336	2836
13337	2837
13338	2838
13339	2839
13340	2840
13341	2841
13342	2842
13343	2843
13344	2844
13345	2845
13346	2846
13347	2847
13348	2848
13349	2849
13350	2850
13351	2851
13352	2852
13353	2853
13354	2854
13355	2855
13356	2856
13357	2857
13358	2858
13359	2859
13360	2860
13361	2861
13362	2862
13363	2863
13364	2864
13365	2865
13366	2866
13367	2867
13368	2868
13369	2869
13370	2870
13371	2871
13372	2872
13373	2873
13374	2874
13375	2875
13376	2876
13377	2877
13378	2878
13379	2879
13380	2880
13381	2881
13382	2882
13383	2883
13384	2884
13385	2885
13386	2886
13387	2887
13388	2888
13389	2889
13390	2890
13391	2891
13392	2892
13393	2893
13394	2894
13395	2895
13396	2896
13397	2897
13398	2898
13399	2899
13400	2900
13401	2901
13402	2902
13403	2903
13404	2904
13405	2905
13406	2906
13407	2907
13408	2908
13409	2909
13410	2910
13411	2911
13412	2912
13413	2913
13414	2914
13415	2915
13416	2916
13417	2917
13418	2918
13419	2919
13420	2920
13421	2921
13422	2922
13423	2923
13424	2924
13425	2925
13426	2926
13427	2927
13428	2928
13429	2929
13430	2930
13431	2931
13432	2932
13433	2933
13434	2934
13435	2935
13436	2936
13437	2937
13438	2938
13439	2939
13440	2940
13441	2941
13442	2942
13443	2943
13444	2944
13445	2945
13446	2946
13447	2947
13448	2948
13449	2949
13450	2950
13451	2951
13452	2952
13453	2953
13454	2954
13455	2955
13456	2956
13457	2957
13458	2958
13459	2959
13460	2960
13461	2961
13462	2962
13463	2963
13464	2964
13465	2965
13466	2966
13467	2967
13468	2968
13469	2969
13470	2970
13471	2971
13472	2972
13473	2973
13474	2974
13475	2975
13476	2976
13477	2977
13478	2978
13479	2979
13480	2980
13481	2981
13482	2982
13483	2983
13484	2984
13485	2985
13486	2986
13487	2987
13488	2988
13489	2989
13490	2990
13491	2991
13492	2992
13493	2993
13494	2994
13495	2995
13496	2996
13497	2997
13498	2998
13499	2999
13500	3000
13501	3001
13502	3002
13503	3003
13504	3004
13505	3005
13506	3006
13507	3007
13508	3008
13509	3009
13510	3010
13511	3011
13512	3012
13513	3013
13514	3014
13515	3015
13516	3016
13517	3017
13518	3018
13519	3019
13520	3020
13521	3021
13522	3022
13523	3023
13524	3024
13525	3025
13526	3026
13527	3027
13528	3028
13529	3029
13530	3030
13531	3031
13532	3032
13533	3033
13534	3034
13535	3035
13536	3036
13537	3037
13538	3038
13539	3039
13540	3040
13541	3041
13542	3042
13543	3043
13544	3044
13545	3045
13546	3046
13547	3047
13548	3048
13549	3049
13550	3050
13551	3051
13552	3052
13553	3053
13554	3054
13555	3055
13556	3056
13557	3057
13558	3058
13559	3059
13560	3060
13561	3061
13562	3062
13563	3063
13564	3064
13565	3065
13566	3066
13567	3067
13568	3068
13569	3069
13570	3070
13571	3071
13572	3072
13573	3073
13574	3074
13575	3075
13576	3076
13577	3077
13578	3078
13579	3079
13580	3080
13581	3081
13582	3082
13583	3083
13584	3084
13585	3085
13586	3086
13587	3087
13588	3088
13589	3089
13590	3090
13591	3091
13592	3092
13593	3093
13594	3094
13595	3095
13596	3096
13597	3097
13598	3098
13599	3099
13600	3100
13601	3101
13602	3102
13603	3103
13604	3104
13605	3105
13606	3106
13607	3107
13608	3108
13609	3109
13610	3110
13611	3111
13612	3112
13613	3113
13614	3114
13615	3115
13616	3116
13617	3117
13618	3118
13619	3119
13620	3120
13621	3121
13622	3122
13623	3123
13624	3124
13625	3125
13626	3126
13627	3127
13628	3128
13629	3129
13630	3130
13631	3131
13632	3132
13633	3133
13634	3134
13635	3135
13636	3136
13637	3137
13638	3138
13639	3139
13640	3140
13641	3141
13642	3142
13643	3143
13644	3144
13645	3145
13646	3146
13647	3147
13648	3148
13649	3149
13650	3150
13651	3151
13652	3152
13653	3153
13654	3154
13655	3155
13656	3156
13657	3157
13658	3158
13659	3159
13660	3160
13661	3161
13662	3162
13663	3163
13664	3164
13665	3165
13666	3166
13667	3167
13668	3168
13669	3169
13670	3170
13671	3171
13672	3172
13673	3173
13674	3174
13675	3175
13676	3176
13677	3177
13678	3178
13679	3179
13680	3180
13681	3181
13682	3182
13683	3183
13684	3184
13685	3185
13686	3186
13687	3187
13688	3188
13689	3189
13690	3190
13691	3191
13692	3192
13693	3193
13694	3194
13695	3195
13696	3196
13697	3197
13698	3198
13699	3199
13700	3200
13701	3201
13702	3202
13703	3203
13704	3204
13705	3205
13706	3206
13707	3207
13708	3208
13709	3209
13710	3210
13711	3211
13712	3212
13713	3213
13714	3214
13715	3215
13716	3216
13717	3217
13718	3218
13719	3219
13720	3220
13721	3221
13722	3222
13723	3223
13724	3224
13725	3225
13726	3226
13727	3227
13728	3228
13729	3229
13730	3230
13731	3231
13732	3232
13733	3233
13734	3234
13735	3235
13736	3236
13737	3237
13738	3238
13739	3239
13740	3240
13741	3241
13742	3242
13743	3243
13744	3244
13745	3245
13746	3246
13747	3247
13748	3248
13749	3249
13750	3250
13751	3251
13752	3252
13753	3253
13754	3254
13755	3255
13756	3256
13757	3257
13758	3258
13759	3259
13760	3260
13761	3261
13762	3262
13763	3263
13764	3264
13765	3265
13766	3266
13767	3267
13768	3268
13769	3269
13770	3270
13771	3271
13772	3272
13773	3273
13774	3274
13775	3275
13776	3276
13777	3277
13778	3278
13779	3279
13780	3280
13781	3281
13782	3282
13783	3283
13784	3284
13785	3285
13786	3286
13787	3287
13788	3288
13789	3289
13790	3290
13791	3291
13792	3292
13793	3293
13794	3294
13795	3295
13796	3296
13797	3297
13798	3298
13799	3299
13800	3300
13801	3301
13802	3302
13803	3303
13804	3304
13805	3305
13806	3306
13807	3307
13808	3308
13809	3309
13810	3310
13811	3311
13812	3312
13813	3313
13814	3314
13815	3315
13816	3316
13817	3317
13818	3318
13819	3319
13820	3320
13821	3321
13822	3322
13823	3323
13824	3324
13825	3325
13826	3326
13827	3327
13828	3328
13829	3329
13830	3330
13831	3331
13832	3332
13833	3333
13834	3334
13835	3335
13836	3336
13837	3337
13838	3338
13839	3339
13840	3340
13841	3341
13842	3342
13843	3343
13844	3344
13845	3345
13846	3346
13847	3347
13848	3348
13849	3349
13850	3350
13851	3351
13852	3352
13853	3353
13854	3354
13855	3355
13856	3356
13857	3357
13858	3358
13859	3359
13860	3360
13861	3361
13862	3362
13863	3363
13864	3364
13865	3365
13866	3366
13867	3367
13868	3368
13869	3369
13870	3370
13871	3371
13872	3372
13873	3373
13874	3374
13875	3375
13876	3376
13877	3377
13878	3378
13879	3379
13880	3380
13881	3381
13882	3382
13883	3383
13884	3384
13885	3385
13886	3386
13887	3387
13888	3388
13889	3389
13890	3390
13891	3391
13892	3392
13893	3393
13894	3394
13895	3395
13896	3396
13897	3397
13898	3398
13899	3399
13900	3400
13901	3401
13902	3402
13903	3403
13904	3404
13905	3405
13906	3406
13907	3407
13908	3408
13909	3409
13910	3410
13911	3411
13912	3412
13913	3413
13914	3414
13915	3415
13916	3416
13917	3417
13918	3418
13919	3419
13920	3420
13921	3421
13922	3422
13923	3423
13924	3424
13925	3425
13926	3426
13927	3427
13928	3428
13929	3429
13930	3430
13931	3431
13932	3432
13933	3433
13934	3434
13935	3435
13936	3436
13937	3437
13938	3438
13939	3439
13940	3440
13941	3441
13942	3442
13943	3443
13944	3444
13945	3445
13946	3446
13947	3447
13948	3448
13949	3449
13950	3450
13951	3451
13952	3452
13953	3453
13954	3454
13955	3455
13956	3456
13957	3457
13958	3458
13959	3459
13960	3460
13961	3461
13962	3462
13963	3463
13964	3464
13965	3465
13966	3466
13967	3467
13968	3468
13969	3469
13970	3470
13971	3471
13972	3472
13973	3473
13974	3474
13975	3475
13976	3476
13977	3477
13978	3478
13979	3479
13980	3480
13981	3481
13982	3482
13983	3483
13984	3484
13985	3485
13986	3486
13987	3487
13988	3488
13989	3489
13990	3490
13991	3491
13992	3492
13993	3493
13994	3494
13995	3495
13996	3496
13997	3497
13998	3498
13999	3499
14000	3500
14001	3501
14002	3502
14003	3503
14004	3504
14005	3505
14006	3506
14007	3507
14008	3508
14009	3509
14010	3510
14011	3511
14012	3512
14013	3513
14014	3514
14015	3515
14016	3516
14017	3517
14018	3518
14019	3519
14020	3520
14021	3521
14022	3522
14023	3523
14024	3524
14025	3525
14026	3526
14027	3527
14028	3528
14029	3529
14030	3530
14031	3531
14032	3532
14033	3533
14034	3534
14035	3535
14036	3536
14037	3537
14038	3538
14039	3539
14040	3540
14041	3541
14042	3542
14043	3543
14044	3544
14045	3545
14046	3546
14047	3547
14048	3548
14049	3549
14050	3550
14051	3551
14052	3552
14053	3553
14054	3554
14055	3555
14056	3556
14057	3557
14058	3558
14059	3559
14060	3560
14061	3561
14062	3562
14063	3563
14064	3564
14065	3565
14066	3566
14067	3567
14068	3568
14069	3569
14070	3570
14071	3571
14072	3572
14073	3573
14074	3574
14075	3575
14076	3576
14077	3577
14078	3578
14079	3579
14080	3580
14081	3581
14082	3582
14083	3583
14084	3584
14085	3585
14086	3586
14087	3587
14088	3588
14089	3589
14090	3590
14091	3591
14092	3592
14093	3593
14094	3594
14095	3595
14096	3596
14097	3597
14098	3598
14099	3599
14100	3600
14101	3601
14102	3602
14103	3603
14104	3604
14105	3605
14106	3606
14107	3607
14108	3608
14109	3609
14110	3610
14111	3611
14112	3612
14113	3613
14114	3614
14115	3615
14116	3616
14117	3617
14118	3618
14119	3619
14120	3620
14121	3621
14122	3622
14123	3623
14124	3624
14125	3625
14126	3626
14127	3627
14128	3628
14129	3629
14130	3630
14131	3631
14132	3632
14133	3633
14134	3634
14135	3635
14136	3636
14137	3637
14138	3638
14139	3639
14140	3640
14141	3641
14142	3642
14143	3643
14144	3644
14145	3645
14146	3646
14147	3647
14148	3648
14149	3649
14150	3650
14151	3651
14152	3652
14153	3653
14154	3654
14155	3655
14156	3656
14157	3657
14158	3658
14159	3659
14160	3660
14161	3661
14162	3662
14163	3663
14164	3664
14165	3665
14166	3666
14167	3667
14168	3668
14169	3669
14170	3670
14171	3671
14172	3672
14173	3673
14174	3674
14175	3675
14176	3676
14177	3677
14178	3678
14179	3679
14180	3680
14181	3681
14182	3682
14183	3683
14184	3684
14185	3685
14186	3686
14187	3687
14188	3688
14189	3689
14190	3690
14191	3691
14192	3692
14193	3693
14194	3694
14195	3695
14196	3696
14197	3697
14198	3698
14199	3699
14200	3700
14201	3701
14202	3702
14203	3703
14204	3704
14205	3705
14206	3706
14207	3707
14208	3708
14209	3709
14210	3710
14211	3711
14212	3712
14213	3713
14214	3714
14215	3715
14216	3716
14217	3717
14218	3718
14219	3719
14220	3720
14221	3721
14222	3722
14223	3723
14224	3724
14225	3725
14226	3726
14227	3727
14228	3728
14229	3729
14230	3730
14231	3731
14232	3732
14233	3733
14234	3734
14235	3735
14236	3736
14237	3737
14238	3738
14239	3739
14240	3740
14241	3741
14242	3742
14243	3743
14244	3744
14245	3745
14246	3746
14247	3747
14248	3748
14249	3749
14250	3750
14251	3751
14252	3752
14253	3753
14254	3754
14255	3755
14256	3756
14257	3757
14258	3758
14259	3759
14260	3760
14261	3761
14262	3762
14263	3763
14264	3764
14265	3765
14266	3766
14267	3767
14268	3768
14269	3769
14270	3770
14271	3771
14272	3772
14273	3773
14274	3774
14275	3775
14276	3776
14277	3777
14278	3778
14279	3779
14280	3780
14281	3781
14282	3782
14283	3783
14284	3784
14285	3785
14286	3786
14287	3787
14288	3788
14289	3789
14290	3790
14291	3791
14292	3792
14293	3793
14294	3794
14295	3795
14296	3796
14297	3797
14298	3798
14299	3799
14300	3800
14301	3801
14302	3802
14303	3803
14304	3804
14305	3805
14306	3806
14307	3807
14308	3808
14309	3809
14310	3810
14311	3811
14312	3812
14313	3813
14314	3814
14315	3815
14316	3816
14317	3817
14318	3818
14319	3819
14320	3820
14321	3821
14322	3822
14323	3823
14324	3824
14325	3825
14326	3826
14327	3827
14328	3828
14329	3829
14330	3830
14331	3831
14332	3832
14333	3833
14334	3834
14335	3835
14336	3836
14337	3837
14338	3838
14339	3839
14340	3840
14341	3841
14342	3842
14343	3843
14344	3844
14345	3845
14346	3846
14347	3847
14348	3848
14349	3849
14350	3850
14351	3851
14352	3852
14353	3853
14354	3854
14355	3855
14356	3856
14357	3857
14358	3858
14359	3859
14360	3860
14361	3861
14362	3862
14363	3863
14364	3864
14365	3865
14366	3866
14367	3867
14368	3868
14369	3869
14370	3870
14371	3871
14372	3872
14373	3873
14374	3874
14375	3875
14376	3876
14377	3877
14378	3878
14379	3879
14380	3880
14381	3881
14382	3882
14383	3883
14384	3884
14385	3885
14386	3886
14387	3887
14388	3888
14389	3889
14390	3890
14391	3891
14392	3892
14393	3893
14394	3894
14395	3895
14396	3896
14397	3897
14398	3898
14399	3899
14400	3900
14401	3901
14402	3902
14403	3903
14404	3904
14405	3905
14406	3906
14407	3907
14408	3908
14409	3909
14410	3910
14411	3911
14412	3912
14413	3913
14414	3914
14415	3915
14416	3916
14417	3917
14418	3918
14419	3919
14420	3920
14421	3921
14422	3922
14423	3923
14424	3924
14425	3925
14426	3926
14427	3927
14428	3928
14429	3929
14430	3930
14431	3931
14432	3932
14433	3933
14434	3934
14435	3935
14436	3936
14437	3937
14438	3938
14439	3939
14440	3940
14441	3941
14442	3942
14443	3943
14444	3944
14445	3945
14446	3946
14447	3947
14448	3948
14449	3949
14450	3950
14451	3951
14452	3952
14453	3953
14454	3954
14455	3955
14456	3956
14457	3957
14458	3958
14459	3959
14460	3960
14461	3961
14462	3962
14463	3963
14464	3964
14465	3965
14466	3966
14467	3967
14468	3968
14469	3969
14470	3970
14471	3971
14472	3972
14473	3973
14474	3974
14475	3975
14476	3976
14477	3977
14478	3978
14479	3979
14480	3980
14481	3981
14482	3982
14483	3983
14484	3984
14485	3985
14486	3986
14487	3987
14488	3988
14489	3989
14490	3990
14491	3991
14492	3992
14493	3993
14494	3994
14495	3995
14496	3996
14497	3997
14498	3998
14499	3999
14500	4000
14501	4001
14502	4002
14503	4003
14504	4004
14505	4005
14506	4006
14507	4007
14508	4008
14509	4009
14510	4010
14511	4011
14512	4012
14513	4013
14514	4014
14515	4015
14516	4016
14517	4017
14518	4018
14519	4019
14520	4020
14521	4021
14522	4022
14523	4023
14524	4024
14525	4025
14526	4026
14527	4027
14528	4028
14529	4029
14530	4030
14531	4031
14532	4032
14533	4033
14534	4034
14535	4035
14536	4036
14537	4037
14538	4038
14539	4039
14540	4040
14541	4041
14542	4042
14543	4043
14544	4044
14545	4045
14546	4046
14547	4047
14548	4048
14549	4049
14550	4050
14551	4051
14552	4052
14553	4053
14554	4054
14555	4055
14556	4056
14557	4057
14558	4058
14559	4059
14560	4060
14561	4061
14562	4062
14563	4063
14564	4064
14565	4065
14566	4066
14567	4067
14568	4068
14569	4069
14570	4070
14571	4071
14572	4072
14573	4073
14574	4074
14575	4075
14576	4076
14577	4077
14578	4078
14579	4079
14580	4080
14581	4081
14582	4082
14583	4083
14584	4084
14585	4085
14586	4086
14587	4087
14588	4088
14589	4089
14590	4090
14591	4091
14592	4092
14593	4093
14594	4094
14595	4095
14596	4096
14597	4097
14598	4098
14599	4099
14600	4100
14601	4101
14602	4102
14603	4103
14604	4104
14605	4105
14606	4106
14607	4107
14608	4108
14609	4109
14610	4110
14611	4111
14612	4112
14613	4113
14614	4114
14615	4115
14616	4116
14617	4117
14618	4118
14619	4119
14620	4120
14621	4121
14622	4122
14623	4123
14624	4124
14625	4125
14626	4126
14627	4127
14628	4128
14629	4129
14630	4130
14631	4131
14632	4132
14633	4133
14634	4134
14635	4135
14636	4136
14637	4137
14638	4138
14639	4139
14640	4140
14641	4141
14642	4142
14643	4143
14644	4144
14645	4145
14646	4146
14647	4147
14648	4148
14649	4149
14650	4150
14651	4151
14652	4152
14653	4153
14654	4154
14655	4155
14656	4156
14657	4157
14658	4158
14659	4159
14660	4160
14661	4161
14662	4162
14663	4163
14664	4164
14665	4165
14666	4166
14667	4167
14668	4168
14669	4169
14670	4170
14671	4171
14672	4172
14673	4173
14674	4174
14675	4175
14676	4176
14677	4177
14678	4178
14679	4179
14680	4180
14681	4181
14682	4182
14683	4183
14684	4184
14685	4185
14686	4186
14687	4187
14688	4188
14689	4189
14690	4190
14691	4191
14692	4192
14693	4193
14694	4194
14695	4195
14696	4196
14697	4197
14698	4198
14699	4199
14700	4200
14701	4201
14702	4202
14703	4203
14704	4204
14705	4205
14706	4206
14707	4207
14708	4208
14709	4209
14710	4210
14711	4211
14712	4212
14713	4213
14714	4214
14715	4215
14716	4216
14717	4217
14718	4218
14719	4219
14720	4220
14721	4221
14722	4222
14723	4223
14724	4224
14725	4225
14726	4226
14727	4227
14728	4228
14729	4229
14730	4230
14731	4231
14732	4232
14733	4233
14734	4234
14735	4235
14736	4236
14737	4237
14738	4238
14739	4239
14740	4240
14741	4241
14742	4242
14743	4243
14744	4244
14745	4245
14746	4246
14747	4247
14748	4248
14749	4249
14750	4250
14751	4251
14752	4252
14753	4253
14754	4254
14755	4255
14756	4256
14757	4257
14758	4258
14759	4259
14760	4260
14761	4261
14762	4262
14763	4263
14764	4264
14765	4265
14766	4266
14767	4267
14768	4268
14769	4269
14770	4270
14771	4271
14772	4272
14773	4273
14774	4274
14775	4275
14776	4276
14777	4277
14778	4278
14779	4279
14780	4280
14781	4281
14782	4282
14783	4283
14784	4284
14785	4285
14786	4286
14787	4287
14788	4288
14789	4289
14790	4290
14791	4291
14792	4292
14793	4293
14794	4294
14795	4295
14796	4296
14797	4297
14798	4298
14799	4299
14800	4300
14801	4301
14802	4302
14803	4303
14804	4304
14805	4305
14806	4306
14807	4307
14808	4308
14809	4309
14810	4310
14811	4311
14812	4312
14813	4313
14814	4314
14815	4315
14816	4316
14817	4317
14818	4318
14819	4319
14820	4320
14821	4321
14822	4322
14823	4323
14824	4324
14825	4325
14826	4326
14827	4327
14828	4328
14829	4329
14830	4330
14831	4331
14832	4332
14833	4333
14834	4334
14835	4335
14836	4336
14837	4337
14838	4338
14839	4339
14840	4340
14841	4341
14842	4342
14843	4343
14844	4344
14845	4345
14846	4346
14847	4347
14848	4348
14849	4349
14850	4350
14851	4351
14852	4352
14853	4353
14854	4354
14855	4355
14856	4356
14857	4357
14858	4358
14859	4359
14860	4360
14861	4361
14862	4362
14863	4363
14864	4364
14865	4365
14866	4366
14867	4367
14868	4368
14869	4369
14870	4370
14871	4371
14872	4372
14873	4373
14874	4374
14875	4375
14876	4376
14877	4377
14878	4378
14879	4379
14880	4380
14881	4381
14882	4382
14883	4383
14884	4384
14885	4385
14886	4386
14887	4387
14888	4388
14889	4389
14890	4390
14891	4391
14892	4392
14893	4393
14894	4394
14895	4395
14896	4396
14897	4397
14898	4398
14899	4399
14900	4400
14901	4401
14902	4402
14903	4403
14904	4404
14905	4405
14906	4406
14907	4407
14908	4408
14909	4409
14910	4410
14911	4411
14912	4412
14913	4413
14914	4414
14915	4415
14916	4416
14917	4417
14918	4418
14919	4419
14920	4420
14921	4421
14922	4422
14923	4423
14924	4424
14925	4425
14926	4426
14927	4427
14928	4428
14929	4429
14930	4430
14931	4431
14932	4432
14933	4433
14934	4434
14935	4435
14936	4436
14937	4437
14938	4438
14939	4439
14940	4440
14941	4441
14942	4442
14943	4443
14944	4444
14945	4445
14946	4446
14947	4447
14948	4448
14949	4449
14950	4450
14951	4451
14952	4452
14953	4453
14954	4454
14955	4455
14956	4456
14957	4457
14958	4458
14959	4459
14960	4460
14961	4461
14962	4462
14963	4463
14964	4464
14965	4465
14966	4466
14967	4467
14968	4468
14969	4469
14970	4470
14971	4471
14972	4472
14973	4473
14974	4474
14975	4475
14976	4476
14977	4477
14978	4478
14979	4479
14980	4480
14981	4481
14982	4482
14983	4483
14984	4484
14985	4485
14986	4486
14987	4487
14988	4488
14989	4489
14990	4490
14991	4491
14992	4492
14993	4493
14994	4494
14995	4495
14996	4496
14997	4497
14998	4498
14999	4499
