0	10500
1	10501
2	10502
3	10503
4	10504
5	10505
6	10506
7	10507
8	10508
9	10509
10	10510
11	10511
12	10512
13	10513
14	10514
15	10515
16	10516
17	10517
18	10518
19	10519
20	10520
21	10521
22	10522
23	10523
24	10524
25	10525
26	10526
27	10527
28	10528
29	10529
30	10530
31	10531
32	10532
33	10533
34	10534
35	10535
36	10536
37	10537
38	10538
39	10539
40	10540
41	10541
42	10542
43	10543
44	10544
45	10545
46	10546
47	10547
48	10548
49	10549
50	10550
51	10551
52	10552
53	10553
54	10554
55	10555
56	10556
57	10557
58	10558
59	10559
60	10560
61	10561
62	10562
63	10563
64	10564
65	10565
66	10566
67	10567
68	10568
69	10569
70	10570
71	10571
72	10572
73	10573
74	10574
75	10575
76	10576
77	10577
78	10578
79	10579
80	10580
81	10581
82	10582
83	10583
84	10584
85	10585
86	10586
87	10587
88	10588
89	10589
90	10590
91	10591
92	10592
93	10593
94	10594
95	10595
96	10596
97	10597
98	10598
99	10599
100	10600
101	10601
102	10602
103	10603
104	10604
105	10605
106	10606
107	10607
108	10608
109	10609
110	10610
111	10611
112	10612
113	10613
114	10614
115	10615
116	10616
117	10617
118	10618
119	10619
120	10620
121	10621
122	10622
123	10623
124	10624
125	10625
126	10626
127	10627
128	10628
129	10629
130	10630
131	10631
132	10632
133	10633
134	10634
135	10635
136	10636
137	10637
138	10638
139	10639
140	10640
141	10641
142	10642
143	10643
144	10644
145	10645
146	10646
147	10647
148	10648
149	10649
150	10650
151	10651
152	10652
153	10653
154	10654
155	10655
156	10656
157	10657
158	10658
159	10659
160	10660
161	10661
162	10662
163	10663
164	10664
165	10665
166	10666
167	10667
168	10668
169	10669
170	10670
171	10671
172	10672
173	10673
174	10674
175	10675
176	10676
177	10677
178	10678
179	10679
180	10680
181	10681
182	10682
183	10683
184	10684
185	10685
186	10686
187	10687
188	10688
189	10689
190	10690
191	10691
192	10692
193	10693
194	10694
195	10695
196	10696
197	10697
198	10698
199	10699
200	10700
201	10701
202	10702
203	10703
204	10704
205	10705
206	10706
207	10707
208	10708
209	10709
210	10710
211	10711
212	10712
213	10713
214	10714
215	10715
216	10716
217	10717
218	10718
219	10719
220	10720
221	10721
222	10722
223	10723
224	10724
225	10725
226	10726
227	10727
228	10728
229	10729
230	10730
231	10731
232	10732
233	10733
234	10734
235	10735
236	10736
237	10737
238	10738
239	10739
240	10740
241	10741
242	10742
243	10743
244	10744
245	10745
246	10746
247	10747
248	10748
249	10749
250	10750
251	10751
252	10752
253	10753
254	10754
255	10755
256	10756
257	10757
258	10758
259	10759
260	10760
261	10761
262	10762
263	10763
264	10764
265	10765
266	10766
267	10767
268	10768
269	10769
270	10770
271	10771
272	10772
273	10773
274	10774
275	10775
276	10776
277	10777
278	10778
279	10779
280	10780
281	10781
282	10782
283	10783
284	10784
285	10785
286	10786
287	10787
288	10788
289	10789
290	10790
291	10791
292	10792
293	10793
294	10794
295	10795
296	10796
297	10797
298	10798
299	10799
300	10800
301	10801
302	10802
303	10803
304	10804
305	10805
306	10806
307	10807
308	10808
309	10809
310	10810
311	10811
312	10812
313	10813
314	10814
315	10815
316	10816
317	10817
318	10818
319	10819
320	10820
321	10821
322	10822
323	10823
324	10824
325	10825
326	10826
327	10827
328	10828
329	10829
330	10830
331	10831
332	10832
333	10833
334	10834
335	10835
336	10836
337	10837
338	10838
339	10839
340	10840
341	10841
342	10842
343	10843
344	10844
345	10845
346	10846
347	10847
348	10848
349	10849
350	10850
351	10851
352	10852
353	10853
354	10854
355	10855
356	10856
357	10857
358	10858
359	10859
360	10860
361	10861
362	10862
363	10863
364	10864
365	10865
366	10866
367	10867
368	10868
369	10869
370	10870
371	10871
372	10872
373	10873
374	10874
375	10875
376	10876
377	10877
378	10878
379	10879
380	10880
381	10881
382	10882
383	10883
384	10884
385	10885
386	10886
387	10887
388	10888
389	10889
390	10890
391	10891
392	10892
393	10893
394	10894
395	10895
396	10896
397	10897
398	10898
399	10899
400	10900
401	10901
402	10902
403	10903
404	10904
405	10905
406	10906
407	10907
408	10908
409	10909
410	10910
411	10911
412	10912
413	10913
414	10914
415	10915
416	10916
417	10917
418	10918
419	10919
420	10920
421	10921
422	10922
423	10923
424	10924
425	10925
426	10926
427	10927
428	10928
429	10929
430	10930
431	10931
432	10932
433	10933
434	10934
435	10935
436	10936
437	10937
438	10938
439	10939
440	10940
441	10941
442	10942
443	10943
444	10944
445	10945
446	10946
447	10947
448	10948
449	10949
450	10950
451	10951
452	10952
453	10953
454	10954
455	10955
456	10956
457	10957
458	10958
459	10959
460	10960
461	10961
462	10962
463	10963
464	10964
465	10965
466	10966
467	10967
468	10968
469	10969
470	10970
471	10971
472	10972
473	10973
474	10974
475	10975
476	10976
477	10977
478	10978
479	10979
480	10980
481	10981
482	10982
483	10983
484	10984
485	10985
486	10986
487	10987
488	10988
489	10989
490	10990
491	10991
492	10992
493	10993
494	10994
495	10995
496	10996
497	10997
498	10998
499	10999
500	11000
501	11001
502	11002
503	11003
504	11004
505	11005
506	11006
507	11007
508	11008
509	11009
510	11010
511	11011
512	11012
513	11013
514	11014
515	11015
516	11016
517	11017
518	11018
519	11019
520	11020
521	11021
522	11022
523	11023
524	11024
525	11025
526	11026
527	11027
528	11028
529	11029
530	11030
531	11031
532	11032
533	11033
534	11034
535	11035
536	11036
537	11037
538	11038
539	11039
540	11040
541	11041
542	11042
543	11043
544	11044
545	11045
546	11046
547	11047
548	11048
549	11049
550	11050
551	11051
552	11052
553	11053
554	11054
555	11055
556	11056
557	11057
558	11058
559	11059
560	11060
561	11061
562	11062
563	11063
564	11064
565	11065
566	11066
567	11067
568	11068
569	11069
570	11070
571	11071
572	11072
573	11073
574	11074
575	11075
576	11076
577	11077
578	11078
579	11079
580	11080
581	11081
582	11082
583	11083
584	11084
585	11085
586	11086
587	11087
588	11088
589	11089
590	11090
591	11091
592	11092
593	11093
594	11094
595	11095
596	11096
597	11097
598	11098
599	11099
600	11100
601	11101
602	11102
603	11103
604	11104
605	11105
606	11106
607	11107
608	11108
609	11109
610	11110
611	11111
612	11112
613	11113
614	11114
615	11115
616	11116
617	11117
618	11118
619	11119
620	11120
621	11121
622	11122
623	11123
624	11124
625	11125
626	11126
627	11127
628	11128
629	11129
630	11130
631	11131
632	11132
633	11133
634	11134
635	11135
636	11136
637	11137
638	11138
639	11139
640	11140
641	11141
642	11142
643	11143
644	11144
645	11145
646	11146
647	11147
648	11148
649	11149
650	11150
651	11151
652	11152
653	11153
654	11154
655	11155
656	11156
657	11157
658	11158
659	11159
660	11160
661	11161
662	11162
663	11163
664	11164
665	11165
666	11166
667	11167
668	11168
669	11169
670	11170
671	11171
672	11172
673	11173
674	11174
675	11175
676	11176
677	11177
678	11178
679	11179
680	11180
681	11181
682	11182
683	11183
684	11184
685	11185
686	11186
687	11187
688	11188
689	11189
690	11190
691	11191
692	11192
693	11193
694	11194
695	11195
696	11196
697	11197
698	11198
699	11199
700	11200
701	11201
702	11202
703	11203
704	11204
705	11205
706	11206
707	11207
708	11208
709	11209
710	11210
711	11211
712	11212
713	11213
714	11214
715	11215
716	11216
717	11217
718	11218
719	11219
720	11220
721	11221
722	11222
723	11223
724	11224
725	11225
726	11226
727	11227
728	11228
729	11229
730	11230
731	11231
732	11232
733	11233
734	11234
735	11235
736	11236
737	11237
738	11238
739	11239
740	11240
741	11241
742	11242
743	11243
744	11244
745	11245
746	11246
747	11247
748	11248
749	11249
750	11250
751	11251
752	11252
753	11253
754	11254
755	11255
756	11256
757	11257
758	11258
759	11259
760	11260
761	11261
762	11262
763	11263
764	11264
765	11265
766	11266
767	11267
768	11268
769	11269
770	11270
771	11271
772	11272
773	11273
774	11274
775	11275
776	11276
777	11277
778	11278
779	11279
780	11280
781	11281
782	11282
783	11283
784	11284
785	11285
786	11286
787	11287
788	11288
789	11289
790	11290
791	11291
792	11292
793	11293
794	11294
795	11295
796	11296
797	11297
798	11298
799	11299
800	11300
801	11301
802	11302
803	11303
804	11304
805	11305
806	11306
807	11307
808	11308
809	11309
810	11310
811	11311
812	11312
813	11313
814	11314
815	11315
816	11316
817	11317
818	11318
819	11319
820	11320
821	11321
822	11322
823	11323
824	11324
825	11325
826	11326
827	11327
828	11328
829	11329
830	11330
831	11331
832	11332
833	11333
834	11334
835	11335
836	11336
837	11337
838	11338
839	11339
840	11340
841	11341
842	11342
843	11343
844	11344
845	11345
846	11346
847	11347
848	11348
849	11349
850	11350
851	11351
852	11352
853	11353
854	11354
855	11355
856	11356
857	11357
858	11358
859	11359
860	11360
861	11361
862	11362
863	11363
864	11364
865	11365
866	11366
867	11367
868	11368
869	11369
870	11370
871	11371
872	11372
873	11373
874	11374
875	11375
876	11376
877	11377
878	11378
879	11379
880	11380
881	11381
882	11382
883	11383
884	11384
885	11385
886	11386
887	11387
888	11388
889	11389
890	11390
891	11391
892	11392
893	11393
894	11394
895	11395
896	11396
897	11397
898	11398
899	11399
900	11400
901	11401
902	11402
903	11403
904	11404
905	11405
906	11406
907	11407
908	11408
909	11409
910	11410
911	11411
912	11412
913	11413
914	11414
915	11415
916	11416
917	11417
918	11418
919	11419
920	11420
921	11421
922	11422
923	11423
924	11424
925	11425
926	11426
927	11427
928	11428
929	11429
930	11430
931	11431
932	11432
933	11433
934	11434
935	11435
936	11436
937	11437
938	11438
939	11439
940	11440
941	11441
942	11442
943	11443
944	11444
945	11445
946	11446
947	11447
948	11448
949	11449
950	11450
951	11451
952	11452
953	11453
954	11454
955	11455
956	11456
957	11457
958	11458
959	11459
960	11460
961	11461
962	11462
963	11463
964	11464
965	11465
966	11466
967	11467
968	11468
969	11469
970	11470
971	11471
972	11472
973	11473
974	11474
975	11475
976	11476
977	11477
978	11478
979	11479
980	11480
981	11481
982	11482
983	11483
984	11484
985	11485
986	11486
987	11487
988	11488
989	11489
990	11490
991	11491
992	11492
993	11493
994	11494
995	11495
996	11496
997	11497
998	11498
999	11499
1000	11500
1001	11501
1002	11502
1003	11503
1004	11504
1005	11505
1006	11506
1007	11507
1008	11508
1009	11509
1010	11510
1011	11511
1012	11512
1013	11513
1014	11514
1015	11515
1016	11516
1017	11517
1018	11518
1019	11519
1020	11520
1021	11521
1022	11522
1023	11523
1024	11524
1025	11525
1026	11526
1027	11527
1028	11528
1029	11529
1030	11530
1031	11531
1032	11532
1033	11533
1034	11534
1035	11535
1036	11536
1037	11537
1038	11538
1039	11539
1040	11540
1041	11541
1042	11542
1043	11543
1044	11544
1045	11545
1046	11546
1047	11547
1048	11548
1049	11549
1050	11550
1051	11551
1052	11552
1053	11553
1054	11554
1055	11555
1056	11556
1057	11557
1058	11558
1059	11559
1060	11560
1061	11561
1062	11562
1063	11563
1064	11564
1065	11565
1066	11566
1067	11567
1068	11568
1069	11569
1070	11570
1071	11571
1072	11572
1073	11573
1074	11574
1075	11575
1076	11576
1077	11577
1078	11578
1079	11579
1080	11580
1081	11581
1082	11582
1083	11583
1084	11584
1085	11585
1086	11586
1087	11587
1088	11588
1089	11589
1090	11590
1091	11591
1092	11592
1093	11593
1094	11594
1095	11595
1096	11596
1097	11597
1098	11598
1099	11599
1100	11600
1101	11601
1102	11602
1103	11603
1104	11604
1105	11605
1106	11606
1107	11607
1108	11608
1109	11609
1110	11610
1111	11611
1112	11612
1113	11613
1114	11614
1115	11615
1116	11616
1117	11617
1118	11618
1119	11619
1120	11620
1121	11621
1122	11622
1123	11623
1124	11624
1125	11625
1126	11626
1127	11627
1128	11628
1129	11629
1130	11630
1131	11631
1132	11632
1133	11633
1134	11634
1135	11635
1136	11636
1137	11637
1138	11638
1139	11639
1140	11640
1141	11641
1142	11642
1143	11643
1144	11644
1145	11645
1146	11646
1147	11647
1148	11648
1149	11649
1150	11650
1151	11651
1152	11652
1153	11653
1154	11654
1155	11655
1156	11656
1157	11657
1158	11658
1159	11659
1160	11660
1161	11661
1162	11662
1163	11663
1164	11664
1165	11665
1166	11666
1167	11667
1168	11668
1169	11669
1170	11670
1171	11671
1172	11672
1173	11673
1174	11674
1175	11675
1176	11676
1177	11677
1178	11678
1179	11679
1180	11680
1181	11681
1182	11682
1183	11683
1184	11684
1185	11685
1186	11686
1187	11687
1188	11688
1189	11689
1190	11690
1191	11691
1192	11692
1193	11693
1194	11694
1195	11695
1196	11696
1197	11697
1198	11698
1199	11699
1200	11700
1201	11701
1202	11702
1203	11703
1204	11704
1205	11705
1206	11706
1207	11707
1208	11708
1209	11709
1210	11710
1211	11711
1212	11712
1213	11713
1214	11714
1215	11715
1216	11716
1217	11717
1218	11718
1219	11719
1220	11720
1221	11721
1222	11722
1223	11723
1224	11724
1225	11725
1226	11726
1227	11727
1228	11728
1229	11729
1230	11730
1231	11731
1232	11732
1233	11733
1234	11734
1235	11735
1236	11736
1237	11737
1238	11738
1239	11739
1240	11740
1241	11741
1242	11742
1243	11743
1244	11744
1245	11745
1246	11746
1247	11747
1248	11748
1249	11749
1250	11750
1251	11751
1252	11752
1253	11753
1254	11754
1255	11755
1256	11756
1257	11757
1258	11758
1259	11759
1260	11760
1261	11761
1262	11762
1263	11763
1264	11764
1265	11765
1266	11766
1267	11767
1268	11768
1269	11769
1270	11770
1271	11771
1272	11772
1273	11773
1274	11774
1275	11775
1276	11776
1277	11777
1278	11778
1279	11779
1280	11780
1281	11781
1282	11782
1283	11783
1284	11784
1285	11785
1286	11786
1287	11787
1288	11788
1289	11789
1290	11790
1291	11791
1292	11792
1293	11793
1294	11794
1295	11795
1296	11796
1297	11797
1298	11798
1299	11799
1300	11800
1301	11801
1302	11802
1303	11803
1304	11804
1305	11805
1306	11806
1307	11807
1308	11808
1309	11809
1310	11810
1311	11811
1312	11812
1313	11813
1314	11814
1315	11815
1316	11816
1317	11817
1318	11818
1319	11819
1320	11820
1321	11821
1322	11822
1323	11823
1324	11824
1325	11825
1326	11826
1327	11827
1328	11828
1329	11829
1330	11830
1331	11831
1332	11832
1333	11833
1334	11834
1335	11835
1336	11836
1337	11837
1338	11838
1339	11839
1340	11840
1341	11841
1342	11842
1343	11843
1344	11844
1345	11845
1346	11846
1347	11847
1348	11848
1349	11849
1350	11850
1351	11851
1352	11852
1353	11853
1354	11854
1355	11855
1356	11856
1357	11857
1358	11858
1359	11859
1360	11860
1361	11861
1362	11862
1363	11863
1364	11864
1365	11865
1366	11866
1367	11867
1368	11868
1369	11869
1370	11870
1371	11871
1372	11872
1373	11873
1374	11874
1375	11875
1376	11876
1377	11877
1378	11878
1379	11879
1380	11880
1381	11881
1382	11882
1383	11883
1384	11884
1385	11885
1386	11886
1387	11887
1388	11888
1389	11889
1390	11890
1391	11891
1392	11892
1393	11893
1394	11894
1395	11895
1396	11896
1397	11897
1398	11898
1399	11899
1400	11900
1401	11901
1402	11902
1403	11903
1404	11904
1405	11905
1406	11906
1407	11907
1408	11908
1409	11909
1410	11910
1411	11911
1412	11912
1413	11913
1414	11914
1415	11915
1416	11916
1417	11917
1418	11918
1419	11919
1420	11920
1421	11921
1422	11922
1423	11923
1424	11924
1425	11925
1426	11926
1427	11927
1428	11928
1429	11929
1430	11930
1431	11931
1432	11932
1433	11933
1434	11934
1435	11935
1436	11936
1437	11937
1438	11938
1439	11939
1440	11940
1441	11941
1442	11942
1443	11943
1444	11944
1445	11945
1446	11946
1447	11947
1448	11948
1449	11949
1450	11950
1451	11951
1452	11952
1453	11953
1454	11954
1455	11955
1456	11956
1457	11957
1458	11958
1459	11959
1460	11960
1461	11961
1462	11962
1463	11963
1464	11964
1465	11965
1466	11966
1467	11967
1468	11968
1469	11969
1470	11970
1471	11971
1472	11972
1473	11973
1474	11974
1475	11975
1476	11976
1477	11977
1478	11978
1479	11979
1480	11980
1481	11981
1482	11982
1483	11983
1484	11984
1485	11985
1486	11986
1487	11987
1488	11988
1489	11989
1490	11990
1491	11991
1492	11992
1493	11993
1494	11994
1495	11995
1496	11996
1497	11997
1498	11998
1499	11999
1500	12000
1501	12001
1502	12002
1503	12003
1504	12004
1505	12005
1506	12006
1507	12007
1508	12008
1509	12009
1510	12010
1511	12011
1512	12012
1513	12013
1514	12014
1515	12015
1516	12016
1517	12017
1518	12018
1519	12019
1520	12020
1521	12021
1522	12022
1523	12023
1524	12024
1525	12025
1526	12026
1527	12027
1528	12028
1529	12029
1530	12030
1531	12031
1532	12032
1533	12033
1534	12034
1535	12035
1536	12036
1537	12037
1538	12038
1539	12039
1540	12040
1541	12041
1542	12042
1543	12043
1544	12044
1545	12045
1546	12046
1547	12047
1548	12048
1549	12049
1550	12050
1551	12051
1552	12052
1553	12053
1554	12054
1555	12055
1556	12056
1557	12057
1558	12058
1559	12059
1560	12060
1561	12061
1562	12062
1563	12063
1564	12064
1565	12065
1566	12066
1567	12067
1568	12068
1569	12069
1570	12070
1571	12071
1572	12072
1573	12073
1574	12074
1575	12075
1576	12076
1577	12077
1578	12078
1579	12079
1580	12080
1581	12081
1582	12082
1583	12083
1584	12084
1585	12085
1586	12086
1587	12087
1588	12088
1589	12089
1590	12090
1591	12091
1592	12092
1593	12093
1594	12094
1595	12095
1596	12096
1597	12097
1598	12098
1599	12099
1600	12100
1601	12101
1602	12102
1603	12103
1604	12104
1605	12105
1606	12106
1607	12107
1608	12108
1609	12109
1610	12110
1611	12111
1612	12112
1613	12113
1614	12114
1615	12115
1616	12116
1617	12117
1618	12118
1619	12119
1620	12120
1621	12121
1622	12122
1623	12123
1624	12124
1625	12125
1626	12126
1627	12127
1628	12128
1629	12129
1630	12130
1631	12131
1632	12132
1633	12133
1634	12134
1635	12135
1636	12136
1637	12137
1638	12138
1639	12139
1640	12140
1641	12141
1642	12142
1643	12143
1644	12144
1645	12145
1646	12146
1647	12147
1648	12148
1649	12149
1650	12150
1651	12151
1652	12152
1653	12153
1654	12154
1655	12155
1656	12156
1657	12157
1658	12158
1659	12159
1660	12160
1661	12161
1662	12162
1663	12163
1664	12164
1665	12165
1666	12166
1667	12167
1668	12168
1669	12169
1670	12170
1671	12171
1672	12172
1673	12173
1674	12174
1675	12175
1676	12176
1677	12177
1678	12178
1679	12179
1680	12180
1681	12181
1682	12182
1683	12183
1684	12184
1685	12185
1686	12186
1687	12187
1688	12188
1689	12189
1690	12190
1691	12191
1692	12192
1693	12193
1694	12194
1695	12195
1696	12196
1697	12197
1698	12198
1699	12199
1700	12200
1701	12201
1702	12202
1703	12203
1704	12204
1705	12205
1706	12206
1707	12207
1708	12208
1709	12209
1710	12210
1711	12211
1712	12212
1713	12213
1714	12214
1715	12215
1716	12216
1717	12217
1718	12218
1719	12219
1720	12220
1721	12221
1722	12222
1723	12223
1724	12224
1725	12225
1726	12226
1727	12227
1728	12228
1729	12229
1730	12230
1731	12231
1732	12232
1733	12233
1734	12234
1735	12235
1736	12236
1737	12237
1738	12238
1739	12239
1740	12240
1741	12241
1742	12242
1743	12243
1744	12244
1745	12245
1746	12246
1747	12247
1748	12248
1749	12249
1750	12250
1751	12251
1752	12252
1753	12253
1754	12254
1755	12255
1756	12256
1757	12257
1758	12258
1759	12259
1760	12260
1761	12261
1762	12262
1763	12263
1764	12264
1765	12265
1766	12266
1767	12267
1768	12268
1769	12269
1770	12270
1771	12271
1772	12272
1773	12273
1774	12274
1775	12275
1776	12276
1777	12277
1778	12278
1779	12279
1780	12280
1781	12281
1782	12282
1783	12283
1784	12284
1785	12285
1786	12286
1787	12287
1788	12288
1789	12289
1790	12290
1791	12291
1792	12292
1793	12293
1794	12294
1795	12295
1796	12296
1797	12297
1798	12298
1799	12299
1800	12300
1801	12301
1802	12302
1803	12303
1804	12304
1805	12305
1806	12306
1807	12307
1808	12308
1809	12309
1810	12310
1811	12311
1812	12312
1813	12313
1814	12314
1815	12315
1816	12316
1817	12317
1818	12318
1819	12319
1820	12320
1821	12321
1822	12322
1823	12323
1824	12324
1825	12325
1826	12326
1827	12327
1828	12328
1829	12329
1830	12330
1831	12331
1832	12332
1833	12333
1834	12334
1835	12335
1836	12336
1837	12337
1838	12338
1839	12339
1840	12340
1841	12341
1842	12342
1843	12343
1844	12344
1845	12345
1846	12346
1847	12347
1848	12348
1849	12349
1850	12350
1851	12351
1852	12352
1853	12353
1854	12354
1855	12355
1856	12356
1857	12357
1858	12358
1859	12359
1860	12360
1861	12361
1862	12362
1863	12363
1864	12364
1865	12365
1866	12366
1867	12367
1868	12368
1869	12369
1870	12370
1871	12371
1872	12372
1873	12373
1874	12374
1875	12375
1876	12376
1877	12377
1878	12378
1879	12379
1880	12380
1881	12381
1882	12382
1883	12383
1884	12384
1885	12385
1886	12386
1887	12387
1888	12388
1889	12389
1890	12390
1891	12391
1892	12392
1893	12393
1894	12394
1895	12395
1896	12396
1897	12397
1898	12398
1899	12399
1900	12400
1901	12401
1902	12402
1903	12403
1904	12404
1905	12405
1906	12406
1907	12407
1908	12408
1909	12409
1910	12410
1911	12411
1912	12412
1913	12413
1914	12414
1915	12415
1916	12416
1917	12417
1918	12418
1919	12419
1920	12420
1921	12421
1922	12422
1923	12423
1924	12424
1925	12425
1926	12426
1927	12427
1928	12428
1929	12429
1930	12430
1931	12431
1932	12432
1933	12433
1934	12434
1935	12435
1936	12436
1937	12437
1938	12438
1939	12439
1940	12440
1941	12441
1942	12442
1943	12443
1944	12444
1945	12445
1946	12446
1947	12447
1948	12448
1949	12449
1950	12450
1951	12451
1952	12452
1953	12453
1954	12454
1955	12455
1956	12456
1957	12457
1958	12458
1959	12459
1960	12460
1961	12461
1962	12462
1963	12463
1964	12464
1965	12465
1966	12466
1967	12467
1968	12468
1969	12469
1970	12470
1971	12471
1972	12472
1973	12473
1974	12474
1975	12475
1976	12476
1977	12477
1978	12478
1979	12479
1980	12480
1981	12481
1982	12482
1983	12483
1984	12484
1985	12485
1986	12486
1987	12487
1988	12488
1989	12489
1990	12490
1991	12491
1992	12492
1993	12493
1994	12494
1995	12495
1996	12496
1997	12497
1998	12498
1999	12499
2000	12500
2001	12501
2002	12502
2003	12503
2004	12504
2005	12505
2006	12506
2007	12507
2008	12508
2009	12509
2010	12510
2011	12511
2012	12512
2013	12513
2014	12514
2015	12515
2016	12516
2017	12517
2018	12518
2019	12519
2020	12520
2021	12521
2022	12522
2023	12523
2024	12524
2025	12525
2026	12526
2027	12527
2028	12528
2029	12529
2030	12530
2031	12531
2032	12532
2033	12533
2034	12534
2035	12535
2036	12536
2037	12537
2038	12538
2039	12539
2040	12540
2041	12541
2042	12542
2043	12543
2044	12544
2045	12545
2046	12546
2047	12547
2048	12548
2049	12549
2050	12550
2051	12551
2052	12552
2053	12553
2054	12554
2055	12555
2056	12556
2057	12557
2058	12558
2059	12559
2060	12560
2061	12561
2062	12562
2063	12563
2064	12564
2065	12565
2066	12566
2067	12567
2068	12568
2069	12569
2070	12570
2071	12571
2072	12572
2073	12573
2074	12574
2075	12575
2076	12576
2077	12577
2078	12578
2079	12579
2080	12580
2081	12581
2082	12582
2083	12583
2084	12584
2085	12585
2086	12586
2087	12587
2088	12588
2089	12589
2090	12590
2091	12591
2092	12592
2093	12593
2094	12594
2095	12595
2096	12596
2097	12597
2098	12598
2099	12599
2100	12600
2101	12601
2102	12602
2103	12603
2104	12604
2105	12605
2106	12606
2107	12607
2108	12608
2109	12609
2110	12610
2111	12611
2112	12612
2113	12613
2114	12614
2115	12615
2116	12616
2117	12617
2118	12618
2119	12619
2120	12620
2121	12621
2122	12622
2123	12623
2124	12624
2125	12625
2126	12626
2127	12627
2128	12628
2129	12629
2130	12630
2131	12631
2132	12632
2133	12633
2134	12634
2135	12635
2136	12636
2137	12637
2138	12638
2139	12639
2140	12640
2141	12641
2142	12642
2143	12643
2144	12644
2145	12645
2146	12646
2147	12647
2148	12648
2149	12649
2150	12650
2151	12651
2152	12652
2153	12653
2154	12654
2155	12655
2156	12656
2157	12657
2158	12658
2159	12659
2160	12660
2161	12661
2162	12662
2163	12663
2164	12664
2165	12665
2166	12666
2167	12667
2168	12668
2169	12669
2170	12670
2171	12671
2172	12672
2173	12673
2174	12674
2175	12675
2176	12676
2177	12677
2178	12678
2179	12679
2180	12680
2181	12681
2182	12682
2183	12683
2184	12684
2185	12685
2186	12686
2187	12687
2188	12688
2189	12689
2190	12690
2191	12691
2192	12692
2193	12693
2194	12694
2195	12695
2196	12696
2197	12697
2198	12698
2199	12699
2200	12700
2201	12701
2202	12702
2203	12703
2204	12704
2205	12705
2206	12706
2207	12707
2208	12708
2209	12709
2210	12710
2211	12711
2212	12712
2213	12713
2214	12714
2215	12715
2216	12716
2217	12717
2218	12718
2219	12719
2220	12720
2221	12721
2222	12722
2223	12723
2224	12724
2225	12725
2226	12726
2227	12727
2228	12728
2229	12729
2230	12730
2231	12731
2232	12732
2233	12733
2234	12734
2235	12735
2236	12736
2237	12737
2238	12738
2239	12739
2240	12740
2241	12741
2242	12742
2243	12743
2244	12744
2245	12745
2246	12746
2247	12747
2248	12748
2249	12749
2250	12750
2251	12751
2252	12752
2253	12753
2254	12754
2255	12755
2256	12756
2257	12757
2258	12758
2259	12759
2260	12760
2261	12761
2262	12762
2263	12763
2264	12764
2265	12765
2266	12766
2267	12767
2268	12768
2269	12769
2270	12770
2271	12771
2272	12772
2273	12773
2274	12774
2275	12775
2276	12776
2277	12777
2278	12778
2279	12779
2280	12780
2281	12781
2282	12782
2283	12783
2284	12784
2285	12785
2286	12786
2287	12787
2288	12788
2289	12789
2290	12790
2291	12791
2292	12792
2293	12793
2294	12794
2295	12795
2296	12796
2297	12797
2298	12798
2299	12799
2300	12800
2301	12801
2302	12802
2303	12803
2304	12804
2305	12805
2306	12806
2307	12807
2308	12808
2309	12809
2310	12810
2311	12811
2312	12812
2313	12813
2314	12814
2315	12815
2316	12816
2317	12817
2318	12818
2319	12819
2320	12820
2321	12821
2322	12822
2323	12823
2324	12824
2325	12825
2326	12826
2327	12827
2328	12828
2329	12829
2330	12830
2331	12831
2332	12832
2333	12833
2334	12834
2335	12835
2336	12836
2337	12837
2338	12838
2339	12839
2340	12840
2341	12841
2342	12842
2343	12843
2344	12844
2345	12845
2346	12846
2347	12847
2348	12848
2349	12849
2350	12850
2351	12851
2352	12852
2353	12853
2354	12854
2355	12855
2356	12856
2357	12857
2358	12858
2359	12859
2360	12860
2361	12861
2362	12862
2363	12863
2364	12864
2365	12865
2366	12866
2367	12867
2368	12868
2369	12869
2370	12870
2371	12871
2372	12872
2373	12873
2374	12874
2375	12875
2376	12876
2377	12877
2378	12878
2379	12879
2380	12880
2381	12881
2382	12882
2383	12883
2384	12884
2385	12885
2386	12886
2387	12887
2388	12888
2389	12889
2390	12890
2391	12891
2392	12892
2393	12893
2394	12894
2395	12895
2396	12896
2397	12897
2398	12898
2399	12899
2400	12900
2401	12901
2402	12902
2403	12903
2404	12904
2405	12905
2406	12906
2407	12907
2408	12908
2409	12909
2410	12910
2411	12911
2412	12912
2413	12913
2414	12914
2415	12915
2416	12916
2417	12917
2418	12918
2419	12919
2420	12920
2421	12921
2422	12922
2423	12923
2424	12924
2425	12925
2426	12926
2427	12927
2428	12928
2429	12929
2430	12930
2431	12931
2432	12932
2433	12933
2434	12934
2435	12935
2436	12936
2437	12937
2438	12938
2439	12939
2440	12940
2441	12941
2442	12942
2443	12943
2444	12944
2445	12945
2446	12946
2447	12947
2448	12948
2449	12949
2450	12950
2451	12951
2452	12952
2453	12953
2454	12954
2455	12955
2456	12956
2457	12957
2458	12958
2459	12959
2460	12960
2461	12961
2462	12962
2463	12963
2464	12964
2465	12965
2466	12966
2467	12967
2468	12968
2469	12969
2470	12970
2471	12971
2472	12972
2473	12973
2474	12974
2475	12975
2476	12976
2477	12977
2478	12978
2479	12979
2480	12980
2481	12981
2482	12982
2483	12983
2484	12984
2485	12985
2486	12986
2487	12987
2488	12988
2489	12989
2490	12990
2491	12991
2492	12992
2493	12993
2494	12994
2495	12995
2496	12996
2497	12997
2498	12998
2499	12999
2500	13000
2501	13001
2502	13002
2503	13003
2504	13004
2505	13005
2506	13006
2507	13007
2508	13008
2509	13009
2510	13010
2511	13011
2512	13012
2513	13013
2514	13014
2515	13015
2516	13016
2517	13017
2518	13018
2519	13019
2520	13020
2521	13021
2522	13022
2523	13023
2524	13024
2525	13025
2526	13026
2527	13027
2528	13028
2529	13029
2530	13030
2531	13031
2532	13032
2533	13033
2534	13034
2535	13035
2536	13036
2537	13037
2538	13038
2539	13039
2540	13040
2541	13041
2542	13042
2543	13043
2544	13044
2545	13045
2546	13046
2547	13047
2548	13048
2549	13049
2550	13050
2551	13051
2552	13052
2553	13053
2554	13054
2555	13055
2556	13056
2557	13057
2558	13058
2559	13059
2560	13060
2561	13061
2562	13062
2563	13063
2564	13064
2565	13065
2566	13066
2567	13067
2568	13068
2569	13069
2570	13070
2571	13071
2572	13072
2573	13073
2574	13074
2575	13075
2576	13076
2577	13077
2578	13078
2579	13079
2580	13080
2581	13081
2582	13082
2583	13083
2584	13084
2585	13085
2586	13086
2587	13087
2588	13088
2589	13089
2590	13090
2591	13091
2592	13092
2593	13093
2594	13094
2595	13095
2596	13096
2597	13097
2598	13098
2599	13099
2600	13100
2601	13101
2602	13102
2603	13103
2604	13104
2605	13105
2606	13106
2607	13107
2608	13108
2609	13109
2610	13110
2611	13111
2612	13112
2613	13113
2614	13114
2615	13115
2616	13116
2617	13117
2618	13118
2619	13119
2620	13120
2621	13121
2622	13122
2623	13123
2624	13124
2625	13125
2626	13126
2627	13127
2628	13128
2629	13129
2630	13130
2631	13131
2632	13132
2633	13133
2634	13134
2635	13135
2636	13136
2637	13137
2638	13138
2639	13139
2640	13140
2641	13141
2642	13142
2643	13143
2644	13144
2645	13145
2646	13146
2647	13147
2648	13148
2649	13149
2650	13150
2651	13151
2652	13152
2653	13153
2654	13154
2655	13155
2656	13156
2657	13157
2658	13158
2659	13159
2660	13160
2661	13161
2662	13162
2663	13163
2664	13164
2665	13165
2666	13166
2667	13167
2668	13168
2669	13169
2670	13170
2671	13171
2672	13172
2673	13173
2674	13174
2675	13175
2676	13176
2677	13177
2678	13178
2679	13179
2680	13180
2681	13181
2682	13182
2683	13183
2684	13184
2685	13185
2686	13186
2687	13187
2688	13188
2689	13189
2690	13190
2691	13191
2692	13192
2693	13193
2694	13194
2695	13195
2696	13196
2697	13197
2698	13198
2699	13199
2700	13200
2701	13201
2702	13202
2703	13203
2704	13204
2705	13205
2706	13206
2707	13207
2708	13208
2709	13209
2710	13210
2711	13211
2712	13212
2713	13213
2714	13214
2715	13215
2716	13216
2717	13217
2718	13218
2719	13219
2720	13220
2721	13221
2722	13222
2723	13223
2724	13224
2725	13225
2726	13226
2727	13227
2728	13228
2729	13229
2730	13230
2731	13231
2732	13232
2733	13233
2734	13234
2735	13235
2736	13236
2737	13237
2738	13238
2739	13239
2740	13240
2741	13241
2742	13242
2743	13243
2744	13244
2745	13245
2746	13246
2747	13247
2748	13248
2749	13249
2750	13250
2751	13251
2752	13252
2753	13253
2754	13254
2755	13255
2756	13256
2757	13257
2758	13258
2759	13259
2760	13260
2761	13261
2762	13262
2763	13263
2764	13264
2765	13265
2766	13266
2767	13267
2768	13268
2769	13269
2770	13270
2771	13271
2772	13272
2773	13273
2774	13274
2775	13275
2776	13276
2777	13277
2778	13278
2779	13279
2780	13280
2781	13281
2782	13282
2783	13283
2784	13284
2785	13285
2786	13286
2787	13287
2788	13288
2789	13289
2790	13290
2791	13291
2792	13292
2793	13293
2794	13294
2795	13295
2796	13296
2797	13297
2798	13298
2799	13299
2800	13300
2801	13301
2802	13302
2803	13303
2804	13304
2805	13305
2806	13306
2807	13307
2808	13308
2809	13309
2810	13310
2811	13311
2812	13312
2813	13313
2814	13314
2815	13315
2816	13316
2817	13317
2818	13318
2819	13319
2820	13320
2821	13321
2822	13322
2823	13323
2824	13324
2825	13325
2826	13326
2827	13327
2828	13328
2829	13329
2830	13330
2831	13331
2832	13332
2833	13333
2834	13334
2835	13335
2836	13336
2837	13337
2838	13338
2839	13339
2840	13340
2841	13341
2842	13342
2843	13343
2844	13344
2845	13345
2846	13346
2847	13347
2848	13348
2849	13349
2850	13350
2851	13351
2852	13352
2853	13353
2854	13354
2855	13355
2856	13356
2857	13357
2858	13358
2859	13359
2860	13360
2861	13361
2862	13362
2863	13363
2864	13364
2865	13365
2866	13366
2867	13367
2868	13368
2869	13369
2870	13370
2871	13371
2872	13372
2873	13373
2874	13374
2875	13375
2876	13376
2877	13377
2878	13378
2879	13379
2880	13380
2881	13381
2882	13382
2883	13383
2884	13384
2885	13385
2886	13386
2887	13387
2888	13388
2889	13389
2890	13390
2891	13391
2892	13392
2893	13393
2894	13394
2895	13395
2896	13396
2897	13397
2898	13398
2899	13399
2900	13400
2901	13401
2902	13402
2903	13403
2904	13404
2905	13405
2906	13406
2907	13407
2908	13408
2909	13409
2910	13410
2911	13411
2912	13412
2913	13413
2914	13414
2915	13415
2916	13416
2917	13417
2918	13418
2919	13419
2920	13420
2921	13421
2922	13422
2923	13423
2924	13424
2925	13425
2926	13426
2927	13427
2928	13428
2929	13429
2930	13430
2931	13431
2932	13432
2933	13433
2934	13434
2935	13435
2936	13436
2937	13437
2938	13438
2939	13439
2940	13440
2941	13441
2942	13442
2943	13443
2944	13444
2945	13445
2946	13446
2947	13447
2948	13448
2949	13449
2950	13450
2951	13451
2952	13452
2953	13453
2954	13454
2955	13455
2956	13456
2957	13457
2958	13458
2959	13459
2960	13460
2961	13461
2962	13462
2963	13463
2964	13464
2965	13465
2966	13466
2967	13467
2968	13468
2969	13469
2970	13470
2971	13471
2972	13472
2973	13473
2974	13474
2975	13475
2976	13476
2977	13477
2978	13478
2979	13479
2980	13480
2981	13481
2982	13482
2983	13483
2984	13484
2985	13485
2986	13486
2987	13487
2988	13488
2989	13489
2990	13490
2991	13491
2992	13492
2993	13493
2994	13494
2995	13495
2996	13496
2997	13497
2998	13498
2999	13499
3000	13500
3001	13501
3002	13502
3003	13503
3004	13504
3005	13505
3006	13506
3007	13507
3008	13508
3009	13509
3010	13510
3011	13511
3012	13512
3013	13513
3014	13514
3015	13515
3016	13516
3017	13517
3018	13518
3019	13519
3020	13520
3021	13521
3022	13522
3023	13523
3024	13524
3025	13525
3026	13526
3027	13527
3028	13528
3029	13529
3030	13530
3031	13531
3032	13532
3033	13533
3034	13534
3035	13535
3036	13536
3037	13537
3038	13538
3039	13539
3040	13540
3041	13541
3042	13542
3043	13543
3044	13544
3045	13545
3046	13546
3047	13547
3048	13548
3049	13549
3050	13550
3051	13551
3052	13552
3053	13553
3054	13554
3055	13555
3056	13556
3057	13557
3058	13558
3059	13559
3060	13560
3061	13561
3062	13562
3063	13563
3064	13564
3065	13565
3066	13566
3067	13567
3068	13568
3069	13569
3070	13570
3071	13571
3072	13572
3073	13573
3074	13574
3075	13575
3076	13576
3077	13577
3078	13578
3079	13579
3080	13580
3081	13581
3082	13582
3083	13583
3084	13584
3085	13585
3086	13586
3087	13587
3088	13588
3089	13589
3090	13590
3091	13591
3092	13592
3093	13593
3094	13594
3095	13595
3096	13596
3097	13597
3098	13598
3099	13599
3100	13600
3101	13601
3102	13602
3103	13603
3104	13604
3105	13605
3106	13606
3107	13607
3108	13608
3109	13609
3110	13610
3111	13611
3112	13612
3113	13613
3114	13614
3115	13615
3116	13616
3117	13617
3118	13618
3119	13619
3120	13620
3121	13621
3122	13622
3123	13623
3124	13624
3125	13625
3126	13626
3127	13627
3128	13628
3129	13629
3130	13630
3131	13631
3132	13632
3133	13633
3134	13634
3135	13635
3136	13636
3137	13637
3138	13638
3139	13639
3140	13640
3141	13641
3142	13642
3143	13643
3144	13644
3145	13645
3146	13646
3147	13647
3148	13648
3149	13649
3150	13650
3151	13651
3152	13652
3153	13653
3154	13654
3155	13655
3156	13656
3157	13657
3158	13658
3159	13659
3160	13660
3161	13661
3162	13662
3163	13663
3164	13664
3165	13665
3166	13666
3167	13667
3168	13668
3169	13669
3170	13670
3171	13671
3172	13672
3173	13673
3174	13674
3175	13675
3176	13676
3177	13677
3178	13678
3179	13679
3180	13680
3181	13681
3182	13682
3183	13683
3184	13684
3185	13685
3186	13686
3187	13687
3188	13688
3189	13689
3190	13690
3191	13691
3192	13692
3193	13693
3194	13694
3195	13695
3196	13696
3197	13697
3198	13698
3199	13699
3200	13700
3201	13701
3202	13702
3203	13703
3204	13704
3205	13705
3206	13706
3207	13707
3208	13708
3209	13709
3210	13710
3211	13711
3212	13712
3213	13713
3214	13714
3215	13715
3216	13716
3217	13717
3218	13718
3219	13719
3220	13720
3221	13721
3222	13722
3223	13723
3224	13724
3225	13725
3226	13726
3227	13727
3228	13728
3229	13729
3230	13730
3231	13731
3232	13732
3233	13733
3234	13734
3235	13735
3236	13736
3237	13737
3238	13738
3239	13739
3240	13740
3241	13741
3242	13742
3243	13743
3244	13744
3245	13745
3246	13746
3247	13747
3248	13748
3249	13749
3250	13750
3251	13751
3252	13752
3253	13753
3254	13754
3255	13755
3256	13756
3257	13757
3258	13758
3259	13759
3260	13760
3261	13761
3262	13762
3263	13763
3264	13764
3265	13765
3266	13766
3267	13767
3268	13768
3269	13769
3270	13770
3271	13771
3272	13772
3273	13773
3274	13774
3275	13775
3276	13776
3277	13777
3278	13778
3279	13779
3280	13780
3281	13781
3282	13782
3283	13783
3284	13784
3285	13785
3286	13786
3287	13787
3288	13788
3289	13789
3290	13790
3291	13791
3292	13792
3293	13793
3294	13794
3295	13795
3296	13796
3297	13797
3298	13798
3299	13799
3300	13800
3301	13801
3302	13802
3303	13803
3304	13804
3305	13805
3306	13806
3307	13807
3308	13808
3309	13809
3310	13810
3311	13811
3312	13812
3313	13813
3314	13814
3315	13815
3316	13816
3317	13817
3318	13818
3319	13819
3320	13820
3321	13821
3322	13822
3323	13823
3324	13824
3325	13825
3326	13826
3327	13827
3328	13828
3329	13829
3330	13830
3331	13831
3332	13832
3333	13833
3334	13834
3335	13835
3336	13836
3337	13837
3338	13838
3339	13839
3340	13840
3341	13841
3342	13842
3343	13843
3344	13844
3345	13845
3346	13846
3347	13847
3348	13848
3349	13849
3350	13850
3351	13851
3352	13852
3353	13853
3354	13854
3355	13855
3356	13856
3357	13857
3358	13858
3359	13859
3360	13860
3361	13861
3362	13862
3363	13863
3364	13864
3365	13865
3366	13866
3367	13867
3368	13868
3369	13869
3370	13870
3371	13871
3372	13872
3373	13873
3374	13874
3375	13875
3376	13876
3377	13877
3378	13878
3379	13879
3380	13880
3381	13881
3382	13882
3383	13883
3384	13884
3385	13885
3386	13886
3387	13887
3388	13888
3389	13889
3390	13890
3391	13891
3392	13892
3393	13893
3394	13894
3395	13895
3396	13896
3397	13897
3398	13898
3399	13899
3400	13900
3401	13901
3402	13902
3403	13903
3404	13904
3405	13905
3406	13906
3407	13907
3408	13908
3409	13909
3410	13910
3411	13911
3412	13912
3413	13913
3414	13914
3415	13915
3416	13916
3417	13917
3418	13918
3419	13919
3420	13920
3421	13921
3422	13922
3423	13923
3424	13924
3425	13925
3426	13926
3427	13927
3428	13928
3429	13929
3430	13930
3431	13931
3432	13932
3433	13933
3434	13934
3435	13935
3436	13936
3437	13937
3438	13938
3439	13939
3440	13940
3441	13941
3442	13942
3443	13943
3444	13944
3445	13945
3446	13946
3447	13947
3448	13948
3449	13949
3450	13950
3451	13951
3452	13952
3453	13953
3454	13954
3455	13955
3456	13956
3457	13957
3458	13958
3459	13959
3460	13960
3461	13961
3462	13962
3463	13963
3464	13964
3465	13965
3466	13966
3467	13967
3468	13968
3469	13969
3470	13970
3471	13971
3472	13972
3473	13973
3474	13974
3475	13975
3476	13976
3477	13977
3478	13978
3479	13979
3480	13980
3481	13981
3482	13982
3483	13983
3484	13984
3485	13985
3486	13986
3487	13987
3488	13988
3489	13989
3490	13990
3491	13991
3492	13992
3493	13993
3494	13994
3495	13995
3496	13996
3497	13997
3498	13998
3499	13999
3500	14000
3501	14001
3502	14002
3503	14003
3504	14004
3505	14005
3506	14006
3507	14007
3508	14008
3509	14009
3510	14010
3511	14011
3512	14012
3513	14013
3514	14014
3515	14015
3516	14016
3517	14017
3518	14018
3519	14019
3520	14020
3521	14021
3522	14022
3523	14023
3524	14024
3525	14025
3526	14026
3527	14027
3528	14028
3529	14029
3530	14030
3531	14031
3532	14032
3533	14033
3534	14034
3535	14035
3536	14036
3537	14037
3538	14038
3539	14039
3540	14040
3541	14041
3542	14042
3543	14043
3544	14044
3545	14045
3546	14046
3547	14047
3548	14048
3549	14049
3550	14050
3551	14051
3552	14052
3553	14053
3554	14054
3555	14055
3556	14056
3557	14057
3558	14058
3559	14059
3560	14060
3561	14061
3562	14062
3563	14063
3564	14064
3565	14065
3566	14066
3567	14067
3568	14068
3569	14069
3570	14070
3571	14071
3572	14072
3573	14073
3574	14074
3575	14075
3576	14076
3577	14077
3578	14078
3579	14079
3580	14080
3581	14081
3582	14082
3583	14083
3584	14084
3585	14085
3586	14086
3587	14087
3588	14088
3589	14089
3590	14090
3591	14091
3592	14092
3593	14093
3594	14094
3595	14095
3596	14096
3597	14097
3598	14098
3599	14099
3600	14100
3601	14101
3602	14102
3603	14103
3604	14104
3605	14105
3606	14106
3607	14107
3608	14108
3609	14109
3610	14110
3611	14111
3612	14112
3613	14113
3614	14114
3615	14115
3616	14116
3617	14117
3618	14118
3619	14119
3620	14120
3621	14121
3622	14122
3623	14123
3624	14124
3625	14125
3626	14126
3627	14127
3628	14128
3629	14129
3630	14130
3631	14131
3632	14132
3633	14133
3634	14134
3635	14135
3636	14136
3637	14137
3638	14138
3639	14139
3640	14140
3641	14141
3642	14142
3643	14143
3644	14144
3645	14145
3646	14146
3647	14147
3648	14148
3649	14149
3650	14150
3651	14151
3652	14152
3653	14153
3654	14154
3655	14155
3656	14156
3657	14157
3658	14158
3659	14159
3660	14160
3661	14161
3662	14162
3663	14163
3664	14164
3665	14165
3666	14166
3667	14167
3668	14168
3669	14169
3670	14170
3671	14171
3672	14172
3673	14173
3674	14174
3675	14175
3676	14176
3677	14177
3678	14178
3679	14179
3680	14180
3681	14181
3682	14182
3683	14183
3684	14184
3685	14185
3686	14186
3687	14187
3688	14188
3689	14189
3690	14190
3691	14191
3692	14192
3693	14193
3694	14194
3695	14195
3696	14196
3697	14197
3698	14198
3699	14199
3700	14200
3701	14201
3702	14202
3703	14203
3704	14204
3705	14205
3706	14206
3707	14207
3708	14208
3709	14209
3710	14210
3711	14211
3712	14212
3713	14213
3714	14214
3715	14215
3716	14216
3717	14217
3718	14218
3719	14219
3720	14220
3721	14221
3722	14222
3723	14223
3724	14224
3725	14225
3726	14226
3727	14227
3728	14228
3729	14229
3730	14230
3731	14231
3732	14232
3733	14233
3734	14234
3735	14235
3736	14236
3737	14237
3738	14238
3739	14239
3740	14240
3741	14241
3742	14242
3743	14243
3744	14244
3745	14245
3746	14246
3747	14247
3748	14248
3749	14249
3750	14250
3751	14251
3752	14252
3753	14253
3754	14254
3755	14255
3756	14256
3757	14257
3758	14258
3759	14259
3760	14260
3761	14261
3762	14262
3763	14263
3764	14264
3765	14265
3766	14266
3767	14267
3768	14268
3769	14269
3770	14270
3771	14271
3772	14272
3773	14273
3774	14274
3775	14275
3776	14276
3777	14277
3778	14278
3779	14279
3780	14280
3781	14281
3782	14282
3783	14283
3784	14284
3785	14285
3786	14286
3787	14287
3788	14288
3789	14289
3790	14290
3791	14291
3792	14292
3793	14293
3794	14294
3795	14295
3796	14296
3797	14297
3798	14298
3799	14299
3800	14300
3801	14301
3802	14302
3803	14303
3804	14304
3805	14305
3806	14306
3807	14307
3808	14308
3809	14309
3810	14310
3811	14311
3812	14312
3813	14313
3814	14314
3815	14315
3816	14316
3817	14317
3818	14318
3819	14319
3820	14320
3821	14321
3822	14322
3823	14323
3824	14324
3825	14325
3826	14326
3827	14327
3828	14328
3829	14329
3830	14330
3831	14331
3832	14332
3833	14333
3834	14334
3835	14335
3836	14336
3837	14337
3838	14338
3839	14339
3840	14340
3841	14341
3842	14342
3843	14343
3844	14344
3845	14345
3846	14346
3847	14347
3848	14348
3849	14349
3850	14350
3851	14351
3852	14352
3853	14353
3854	14354
3855	14355
3856	14356
3857	14357
3858	14358
3859	14359
3860	14360
3861	14361
3862	14362
3863	14363
3864	14364
3865	14365
3866	14366
3867	14367
3868	14368
3869	14369
3870	14370
3871	14371
3872	14372
3873	14373
3874	14374
3875	14375
3876	14376
3877	14377
3878	14378
3879	14379
3880	14380
3881	14381
3882	14382
3883	14383
3884	14384
3885	14385
3886	14386
3887	14387
3888	14388
3889	14389
3890	14390
3891	14391
3892	14392
3893	14393
3894	14394
3895	14395
3896	14396
3897	14397
3898	14398
3899	14399
3900	14400
3901	14401
3902	14402
3903	14403
3904	14404
3905	14405
3906	14406
3907	14407
3908	14408
3909	14409
3910	14410
3911	14411
3912	14412
3913	14413
3914	14414
3915	14415
3916	14416
3917	14417
3918	14418
3919	14419
3920	14420
3921	14421
3922	14422
3923	14423
3924	14424
3925	14425
3926	14426
3927	14427
3928	14428
3929	14429
3930	14430
3931	14431
3932	14432
3933	14433
3934	14434
3935	14435
3936	14436
3937	14437
3938	14438
3939	14439
3940	14440
3941	14441
3942	14442
3943	14443
3944	14444
3945	14445
3946	14446
3947	14447
3948	14448
3949	14449
3950	14450
3951	14451
3952	14452
3953	14453
3954	14454
3955	14455
3956	14456
3957	14457
3958	14458
3959	14459
3960	14460
3961	14461
3962	14462
3963	14463
3964	14464
3965	14465
3966	14466
3967	14467
3968	14468
3969	14469
3970	14470
3971	14471
3972	14472
3973	14473
3974	14474
3975	14475
3976	14476
3977	14477
3978	14478
3979	14479
3980	14480
3981	14481
3982	14482
3983	14483
3984	14484
3985	14485
3986	14486
3987	14487
3988	14488
3989	14489
3990	14490
3991	14491
3992	14492
3993	14493
3994	14494
3995	14495
3996	14496
3997	14497
3998	14498
3999	14499
4000	14500
4001	14501
4002	14502
4003	14503
4004	14504
4005	14505
4006	14506
4007	14507
4008	14508
4009	14509
4010	14510
4011	14511
4012	14512
4013	14513
4014	14514
4015	14515
4016	14516
4017	14517
4018	14518
4019	14519
4020	14520
4021	14521
4022	14522
4023	14523
4024	14524
4025	14525
4026	14526
4027	14527
4028	14528
4029	14529
4030	14530
4031	14531
4032	14532
4033	14533
4034	14534
4035	14535
4036	14536
4037	14537
4038	14538
4039	14539
4040	14540
4041	14541
4042	14542
4043	14543
4044	14544
4045	14545
4046	14546
4047	14547
4048	14548
4049	14549
4050	14550
4051	14551
4052	14552
4053	14553
4054	14554
4055	14555
4056	14556
4057	14557
4058	14558
4059	14559
4060	14560
4061	14561
4062	14562
4063	14563
4064	14564
4065	14565
4066	14566
4067	14567
4068	14568
4069	14569
4070	14570
4071	14571
4072	14572
4073	14573
4074	14574
4075	14575
4076	14576
4077	14577
4078	14578
4079	14579
4080	14580
4081	14581
4082	14582
4083	14583
4084	14584
4085	14585
4086	14586
4087	14587
4088	14588
4089	14589
4090	14590
4091	14591
4092	14592
4093	14593
4094	14594
4095	14595
4096	14596
4097	14597
4098	14598
4099	14599
4100	14600
4101	14601
4102	14602
4103	14603
4104	14604
4105	14605
4106	14606
4107	14607
4108	14608
4109	14609
4110	14610
4111	14611
4112	14612
4113	14613
4114	14614
4115	14615
4116	14616
4117	14617
4118	14618
4119	14619
4120	14620
4121	14621
4122	14622
4123	14623
4124	14624
4125	14625
4126	14626
4127	14627
4128	14628
4129	14629
4130	14630
4131	14631
4132	14632
4133	14633
4134	14634
4135	14635
4136	14636
4137	14637
4138	14638
4139	14639
4140	14640
4141	14641
4142	14642
4143	14643
4144	14644
4145	14645
4146	14646
4147	14647
4148	14648
4149	14649
4150	14650
4151	14651
4152	14652
4153	14653
4154	14654
4155	14655
4156	14656
4157	14657
4158	14658
4159	14659
4160	14660
4161	14661
4162	14662
4163	14663
4164	14664
4165	14665
4166	14666
4167	14667
4168	14668
4169	14669
4170	14670
4171	14671
4172	14672
4173	14673
4174	14674
4175	14675
4176	14676
4177	14677
4178	14678
4179	14679
4180	14680
4181	14681
4182	14682
4183	14683
4184	14684
4185	14685
4186	14686
4187	14687
4188	14688
4189	14689
4190	14690
4191	14691
4192	14692
4193	14693
4194	14694
4195	14695
4196	14696
4197	14697
4198	14698
4199	14699
4200	14700
4201	14701
4202	14702
4203	14703
4204	14704
4205	14705
4206	14706
4207	14707
4208	14708
4209	14709
4210	14710
4211	14711
4212	14712
4213	14713
4214	14714
4215	14715
4216	14716
4217	14717
4218	14718
4219	14719
4220	14720
4221	14721
4222	14722
4223	14723
4224	14724
4225	14725
4226	14726
4227	14727
4228	14728
4229	14729
4230	14730
4231	14731
4232	14732
4233	14733
4234	14734
4235	14735
4236	14736
4237	14737
4238	14738
4239	14739
4240	14740
4241	14741
4242	14742
4243	14743
4244	14744
4245	14745
4246	14746
4247	14747
4248	14748
4249	14749
4250	14750
4251	14751
4252	14752
4253	14753
4254	14754
4255	14755
4256	14756
4257	14757
4258	14758
4259	14759
4260	14760
4261	14761
4262	14762
4263	14763
4264	14764
4265	14765
4266	14766
4267	14767
4268	14768
4269	14769
4270	14770
4271	14771
4272	14772
4273	14773
4274	14774
4275	14775
4276	14776
4277	14777
4278	14778
4279	14779
4280	14780
4281	14781
4282	14782
4283	14783
4284	14784
4285	14785
4286	14786
4287	14787
4288	14788
4289	14789
4290	14790
4291	14791
4292	14792
4293	14793
4294	14794
4295	14795
4296	14796
4297	14797
4298	14798
4299	14799
4300	14800
4301	14801
4302	14802
4303	14803
4304	14804
4305	14805
4306	14806
4307	14807
4308	14808
4309	14809
4310	14810
4311	14811
4312	14812
4313	14813
4314	14814
4315	14815
4316	14816
4317	14817
4318	14818
4319	14819
4320	14820
4321	14821
4322	14822
4323	14823
4324	14824
4325	14825
4326	14826
4327	14827
4328	14828
4329	14829
4330	14830
4331	14831
4332	14832
4333	14833
4334	14834
4335	14835
4336	14836
4337	14837
4338	14838
4339	14839
4340	14840
4341	14841
4342	14842
4343	14843
4344	14844
4345	14845
4346	14846
4347	14847
4348	14848
4349	14849
4350	14850
4351	14851
4352	14852
4353	14853
4354	14854
4355	14855
4356	14856
4357	14857
4358	14858
4359	14859
4360	14860
4361	14861
4362	14862
4363	14863
4364	14864
4365	14865
4366	14866
4367	14867
4368	14868
4369	14869
4370	14870
4371	14871
4372	14872
4373	14873
4374	14874
4375	14875
4376	14876
4377	14877
4378	14878
4379	14879
4380	14880
4381	14881
4382	14882
4383	14883
4384	14884
4385	14885
4386	14886
4387	14887
4388	14888
4389	14889
4390	14890
4391	14891
4392	14892
4393	14893
4394	14894
4395	14895
4396	14896
4397	14897
4398	14898
4399	14899
4400	14900
4401	14901
4402	14902
4403	14903
4404	14904
4405	14905
4406	14906
4407	14907
4408	14908
4409	14909
4410	14910
4411	14911
4412	14912
4413	14913
4414	14914
4415	14915
4416	14916
4417	14917
4418	14918
4419	14919
4420	14920
4421	14921
4422	14922
4423	14923
4424	14924
4425	14925
4426	14926
4427	14927
4428	14928
4429	14929
4430	14930
4431	14931
4432	14932
4433	14933
4434	14934
4435	14935
4436	14936
4437	14937
4438	14938
4439	14939
4440	14940
4441	14941
4442	14942
4443	14943
4444	14944
4445	14945
4446	14946
4447	14947
4448	14948
4449	14949
4450	14950
4451	14951
4452	14952
4453	14953
4454	14954
4455	14955
4456	14956
4457	14957
4458	14958
4459	14959
4460	14960
4461	14961
4462	14962
4463	14963
4464	14964
4465	14965
4466	14966
4467	14967
4468	14968
4469	14969
4470	14970
4471	14971
4472	14972
4473	14973
4474	14974
4475	14975
4476	14976
4477	14977
4478	14978
4479	14979
4480	14980
4481	14981
4482	14982
4483	14983
4484	14984
4485	14985
4486	14986
4487	14987
4488	14988
4489	14989
4490	14990
4491	14991
4492	14992
4493	14993
4494	14994
4495	14995
4496	14996
4497	14997
4498	14998
4499	14999
